1,214,427,640,853,1066,1279,1492,1705,1918,2131,2344,2557,2770,2983,3196,3409,3622,3835,4048,4261,4474,4687,4900,5113,5326,5539,5752,5965,6178,6391,6604,6817,7030,7243,7456,7669,7882,8095,8308,8521,8734,8947,9160,9373,9586,9799,10012,10225,10438,10651,10864,11077,11290,11503,11716,11929,12142,12355,12568,12781,12994,13207,13420,13633,13846,14059,14272,14485,14698,14911,15124,15337,15550,15763,15976,16189,16402,16615,16828,17041,17254,17467,17680,17893,18106,18319,18532,18745,18958,19171,19384,19597,19810,20023,20236,20449,20662,20875,21088,21301,21514,21727,21940,22153,22366,22579,-22577,-22364,-22151,-21938,-21725,-21512,-21299,-21086,-20873,-20660,-20447,-20234,-20021,-19808,-19595,-19382,-19169,-18956,-18743,-18530,-18317,-18104,-17891,-17678,-17465,-17252,-17039,-16826,-16613,-16400,-16187,-15974,-15761,-15548,-15335,-15122,-14909,-14696,-14483,-14270,-14057,-13844,-13631,-13418,-13205,-12992,-12779,-12566,-12353,-12140,-11927,-11714,-11501,-11288,-11075,-10862,-10649,-10436,-10223,-10010,-9797,-9584,-9371,-9158,-8945,-8732,-8519,-8306,-8093,-7880,-7667,-7454,-7241,-7028,-6815,-6602,-6389,-6176,-5963,-5750,-5537,-5324,-5111,-4898,-4685,-4472,-4259,-4046,-3833,-3620,-3407,-3194,-2981,-2768,-2555,-2342,-2129,-1916,-1703,-1490,-1277,-1064,-851,-638,-425,-213,-212,MAX=22579
2,215,428,641,854,1067,1280,1493,1706,1919,2132,2345,2558,2771,2984,3197,3410,3623,3836,4049,4262,4475,4688,4901,5114,5327,5540,5753,5966,6179,6392,6605,6818,7031,7244,7457,7670,7883,8096,8309,8522,8735,8948,9161,9374,9587,9800,10013,10226,10439,10652,10865,11078,11291,11504,11717,11930,12143,12356,12569,12782,12995,13208,13421,13634,13847,14060,14273,14486,14699,14912,15125,15338,15551,15764,15977,16190,16403,16616,16829,17042,17255,17468,17681,17894,18107,18320,18533,18746,18959,19172,19385,19598,19811,20024,20237,20450,20663,20876,21089,21302,21515,21728,21941,22154,22367,22580,-22576,-22363,-22150,-21937,-21724,-21511,-21298,-21085,-20872,-20659,-20446,-20233,-20020,-19807,-19594,-19381,-19168,-18955,-18742,-18529,-18316,-18103,-17890,-17677,-17464,-17251,-17038,-16825,-16612,-16399,-16186,-15973,-15760,-15547,-15334,-15121,-14908,-14695,-14482,-14269,-14056,-13843,-13630,-13417,-13204,-12991,-12778,-12565,-12352,-12139,-11926,-11713,-11500,-11287,-11074,-10861,-10648,-10435,-10222,-10009,-9796,-9583,-9370,-9157,-8944,-8731,-8518,-8305,-8092,-7879,-7666,-7453,-7240,-7027,-6814,-6601,-6388,-6175,-5962,-5749,-5536,-5323,-5110,-4897,-4684,-4471,-4258,-4045,-3832,-3619,-3406,-3193,-2980,-2767,-2554,-2341,-2128,-1915,-1702,-1489,-1276,-1063,-850,-637,-426,-424,-211,MAX=22580
3,216,429,642,855,1068,1281,1494,1707,1920,2133,2346,2559,2772,2985,3198,3411,3624,3837,4050,4263,4476,4689,4902,5115,5328,5541,5754,5967,6180,6393,6606,6819,7032,7245,7458,7671,7884,8097,8310,8523,8736,8949,9162,9375,9588,9801,10014,10227,10440,10653,10866,11079,11292,11505,11718,11931,12144,12357,12570,12783,12996,13209,13422,13635,13848,14061,14274,14487,14700,14913,15126,15339,15552,15765,15978,16191,16404,16617,16830,17043,17256,17469,17682,17895,18108,18321,18534,18747,18960,19173,19386,19599,19812,20025,20238,20451,20664,20877,21090,21303,21516,21729,21942,22155,22368,22581,-22575,-22362,-22149,-21936,-21723,-21510,-21297,-21084,-20871,-20658,-20445,-20232,-20019,-19806,-19593,-19380,-19167,-18954,-18741,-18528,-18315,-18102,-17889,-17676,-17463,-17250,-17037,-16824,-16611,-16398,-16185,-15972,-15759,-15546,-15333,-15120,-14907,-14694,-14481,-14268,-14055,-13842,-13629,-13416,-13203,-12990,-12777,-12564,-12351,-12138,-11925,-11712,-11499,-11286,-11073,-10860,-10647,-10434,-10221,-10008,-9795,-9582,-9369,-9156,-8943,-8730,-8517,-8304,-8091,-7878,-7665,-7452,-7239,-7026,-6813,-6600,-6387,-6174,-5961,-5748,-5535,-5322,-5109,-4896,-4683,-4470,-4257,-4044,-3831,-3618,-3405,-3192,-2979,-2766,-2553,-2340,-2127,-1914,-1701,-1488,-1275,-1062,-849,-639,-636,-423,-210,MAX=22581
4,217,430,643,856,1069,1282,1495,1708,1921,2134,2347,2560,2773,2986,3199,3412,3625,3838,4051,4264,4477,4690,4903,5116,5329,5542,5755,5968,6181,6394,6607,6820,7033,7246,7459,7672,7885,8098,8311,8524,8737,8950,9163,9376,9589,9802,10015,10228,10441,10654,10867,11080,11293,11506,11719,11932,12145,12358,12571,12784,12997,13210,13423,13636,13849,14062,14275,14488,14701,14914,15127,15340,15553,15766,15979,16192,16405,16618,16831,17044,17257,17470,17683,17896,18109,18322,18535,18748,18961,19174,19387,19600,19813,20026,20239,20452,20665,20878,21091,21304,21517,21730,21943,22156,22369,22582,-22574,-22361,-22148,-21935,-21722,-21509,-21296,-21083,-20870,-20657,-20444,-20231,-20018,-19805,-19592,-19379,-19166,-18953,-18740,-18527,-18314,-18101,-17888,-17675,-17462,-17249,-17036,-16823,-16610,-16397,-16184,-15971,-15758,-15545,-15332,-15119,-14906,-14693,-14480,-14267,-14054,-13841,-13628,-13415,-13202,-12989,-12776,-12563,-12350,-12137,-11924,-11711,-11498,-11285,-11072,-10859,-10646,-10433,-10220,-10007,-9794,-9581,-9368,-9155,-8942,-8729,-8516,-8303,-8090,-7877,-7664,-7451,-7238,-7025,-6812,-6599,-6386,-6173,-5960,-5747,-5534,-5321,-5108,-4895,-4682,-4469,-4256,-4043,-3830,-3617,-3404,-3191,-2978,-2765,-2552,-2339,-2126,-1913,-1700,-1487,-1274,-1061,-852,-848,-635,-422,-209,MAX=22582
5,218,431,644,857,1070,1283,1496,1709,1922,2135,2348,2561,2774,2987,3200,3413,3626,3839,4052,4265,4478,4691,4904,5117,5330,5543,5756,5969,6182,6395,6608,6821,7034,7247,7460,7673,7886,8099,8312,8525,8738,8951,9164,9377,9590,9803,10016,10229,10442,10655,10868,11081,11294,11507,11720,11933,12146,12359,12572,12785,12998,13211,13424,13637,13850,14063,14276,14489,14702,14915,15128,15341,15554,15767,15980,16193,16406,16619,16832,17045,17258,17471,17684,17897,18110,18323,18536,18749,18962,19175,19388,19601,19814,20027,20240,20453,20666,20879,21092,21305,21518,21731,21944,22157,22370,22583,-22573,-22360,-22147,-21934,-21721,-21508,-21295,-21082,-20869,-20656,-20443,-20230,-20017,-19804,-19591,-19378,-19165,-18952,-18739,-18526,-18313,-18100,-17887,-17674,-17461,-17248,-17035,-16822,-16609,-16396,-16183,-15970,-15757,-15544,-15331,-15118,-14905,-14692,-14479,-14266,-14053,-13840,-13627,-13414,-13201,-12988,-12775,-12562,-12349,-12136,-11923,-11710,-11497,-11284,-11071,-10858,-10645,-10432,-10219,-10006,-9793,-9580,-9367,-9154,-8941,-8728,-8515,-8302,-8089,-7876,-7663,-7450,-7237,-7024,-6811,-6598,-6385,-6172,-5959,-5746,-5533,-5320,-5107,-4894,-4681,-4468,-4255,-4042,-3829,-3616,-3403,-3190,-2977,-2764,-2551,-2338,-2125,-1912,-1699,-1486,-1273,-1065,-1060,-847,-634,-421,-208,MAX=22583
6,219,432,645,858,1071,1284,1497,1710,1923,2136,2349,2562,2775,2988,3201,3414,3627,3840,4053,4266,4479,4692,4905,5118,5331,5544,5757,5970,6183,6396,6609,6822,7035,7248,7461,7674,7887,8100,8313,8526,8739,8952,9165,9378,9591,9804,10017,10230,10443,10656,10869,11082,11295,11508,11721,11934,12147,12360,12573,12786,12999,13212,13425,13638,13851,14064,14277,14490,14703,14916,15129,15342,15555,15768,15981,16194,16407,16620,16833,17046,17259,17472,17685,17898,18111,18324,18537,18750,18963,19176,19389,19602,19815,20028,20241,20454,20667,20880,21093,21306,21519,21732,21945,22158,22371,22584,-22572,-22359,-22146,-21933,-21720,-21507,-21294,-21081,-20868,-20655,-20442,-20229,-20016,-19803,-19590,-19377,-19164,-18951,-18738,-18525,-18312,-18099,-17886,-17673,-17460,-17247,-17034,-16821,-16608,-16395,-16182,-15969,-15756,-15543,-15330,-15117,-14904,-14691,-14478,-14265,-14052,-13839,-13626,-13413,-13200,-12987,-12774,-12561,-12348,-12135,-11922,-11709,-11496,-11283,-11070,-10857,-10644,-10431,-10218,-10005,-9792,-9579,-9366,-9153,-8940,-8727,-8514,-8301,-8088,-7875,-7662,-7449,-7236,-7023,-6810,-6597,-6384,-6171,-5958,-5745,-5532,-5319,-5106,-4893,-4680,-4467,-4254,-4041,-3828,-3615,-3402,-3189,-2976,-2763,-2550,-2337,-2124,-1911,-1698,-1485,-1278,-1272,-1059,-846,-633,-420,-207,MAX=22584
7,220,433,646,859,1072,1285,1498,1711,1924,2137,2350,2563,2776,2989,3202,3415,3628,3841,4054,4267,4480,4693,4906,5119,5332,5545,5758,5971,6184,6397,6610,6823,7036,7249,7462,7675,7888,8101,8314,8527,8740,8953,9166,9379,9592,9805,10018,10231,10444,10657,10870,11083,11296,11509,11722,11935,12148,12361,12574,12787,13000,13213,13426,13639,13852,14065,14278,14491,14704,14917,15130,15343,15556,15769,15982,16195,16408,16621,16834,17047,17260,17473,17686,17899,18112,18325,18538,18751,18964,19177,19390,19603,19816,20029,20242,20455,20668,20881,21094,21307,21520,21733,21946,22159,22372,22585,-22571,-22358,-22145,-21932,-21719,-21506,-21293,-21080,-20867,-20654,-20441,-20228,-20015,-19802,-19589,-19376,-19163,-18950,-18737,-18524,-18311,-18098,-17885,-17672,-17459,-17246,-17033,-16820,-16607,-16394,-16181,-15968,-15755,-15542,-15329,-15116,-14903,-14690,-14477,-14264,-14051,-13838,-13625,-13412,-13199,-12986,-12773,-12560,-12347,-12134,-11921,-11708,-11495,-11282,-11069,-10856,-10643,-10430,-10217,-10004,-9791,-9578,-9365,-9152,-8939,-8726,-8513,-8300,-8087,-7874,-7661,-7448,-7235,-7022,-6809,-6596,-6383,-6170,-5957,-5744,-5531,-5318,-5105,-4892,-4679,-4466,-4253,-4040,-3827,-3614,-3401,-3188,-2975,-2762,-2549,-2336,-2123,-1910,-1697,-1491,-1484,-1271,-1058,-845,-632,-419,-206,MAX=22585
8,221,434,647,860,1073,1286,1499,1712,1925,2138,2351,2564,2777,2990,3203,3416,3629,3842,4055,4268,4481,4694,4907,5120,5333,5546,5759,5972,6185,6398,6611,6824,7037,7250,7463,7676,7889,8102,8315,8528,8741,8954,9167,9380,9593,9806,10019,10232,10445,10658,10871,11084,11297,11510,11723,11936,12149,12362,12575,12788,13001,13214,13427,13640,13853,14066,14279,14492,14705,14918,15131,15344,15557,15770,15983,16196,16409,16622,16835,17048,17261,17474,17687,17900,18113,18326,18539,18752,18965,19178,19391,19604,19817,20030,20243,20456,20669,20882,21095,21308,21521,21734,21947,22160,22373,22586,-22570,-22357,-22144,-21931,-21718,-21505,-21292,-21079,-20866,-20653,-20440,-20227,-20014,-19801,-19588,-19375,-19162,-18949,-18736,-18523,-18310,-18097,-17884,-17671,-17458,-17245,-17032,-16819,-16606,-16393,-16180,-15967,-15754,-15541,-15328,-15115,-14902,-14689,-14476,-14263,-14050,-13837,-13624,-13411,-13198,-12985,-12772,-12559,-12346,-12133,-11920,-11707,-11494,-11281,-11068,-10855,-10642,-10429,-10216,-10003,-9790,-9577,-9364,-9151,-8938,-8725,-8512,-8299,-8086,-7873,-7660,-7447,-7234,-7021,-6808,-6595,-6382,-6169,-5956,-5743,-5530,-5317,-5104,-4891,-4678,-4465,-4252,-4039,-3826,-3613,-3400,-3187,-2974,-2761,-2548,-2335,-2122,-1909,-1704,-1696,-1483,-1270,-1057,-844,-631,-418,-205,MAX=22586
9,222,435,648,861,1074,1287,1500,1713,1926,2139,2352,2565,2778,2991,3204,3417,3630,3843,4056,4269,4482,4695,4908,5121,5334,5547,5760,5973,6186,6399,6612,6825,7038,7251,7464,7677,7890,8103,8316,8529,8742,8955,9168,9381,9594,9807,10020,10233,10446,10659,10872,11085,11298,11511,11724,11937,12150,12363,12576,12789,13002,13215,13428,13641,13854,14067,14280,14493,14706,14919,15132,15345,15558,15771,15984,16197,16410,16623,16836,17049,17262,17475,17688,17901,18114,18327,18540,18753,18966,19179,19392,19605,19818,20031,20244,20457,20670,20883,21096,21309,21522,21735,21948,22161,22374,22587,-22569,-22356,-22143,-21930,-21717,-21504,-21291,-21078,-20865,-20652,-20439,-20226,-20013,-19800,-19587,-19374,-19161,-18948,-18735,-18522,-18309,-18096,-17883,-17670,-17457,-17244,-17031,-16818,-16605,-16392,-16179,-15966,-15753,-15540,-15327,-15114,-14901,-14688,-14475,-14262,-14049,-13836,-13623,-13410,-13197,-12984,-12771,-12558,-12345,-12132,-11919,-11706,-11493,-11280,-11067,-10854,-10641,-10428,-10215,-10002,-9789,-9576,-9363,-9150,-8937,-8724,-8511,-8298,-8085,-7872,-7659,-7446,-7233,-7020,-6807,-6594,-6381,-6168,-5955,-5742,-5529,-5316,-5103,-4890,-4677,-4464,-4251,-4038,-3825,-3612,-3399,-3186,-2973,-2760,-2547,-2334,-2121,-1917,-1908,-1695,-1482,-1269,-1056,-843,-630,-417,-204,MAX=22587
10,223,436,649,862,1075,1288,1501,1714,1927,2140,2353,2566,2779,2992,3205,3418,3631,3844,4057,4270,4483,4696,4909,5122,5335,5548,5761,5974,6187,6400,6613,6826,7039,7252,7465,7678,7891,8104,8317,8530,8743,8956,9169,9382,9595,9808,10021,10234,10447,10660,10873,11086,11299,11512,11725,11938,12151,12364,12577,12790,13003,13216,13429,13642,13855,14068,14281,14494,14707,14920,15133,15346,15559,15772,15985,16198,16411,16624,16837,17050,17263,17476,17689,17902,18115,18328,18541,18754,18967,19180,19393,19606,19819,20032,20245,20458,20671,20884,21097,21310,21523,21736,21949,22162,22375,22588,-22568,-22355,-22142,-21929,-21716,-21503,-21290,-21077,-20864,-20651,-20438,-20225,-20012,-19799,-19586,-19373,-19160,-18947,-18734,-18521,-18308,-18095,-17882,-17669,-17456,-17243,-17030,-16817,-16604,-16391,-16178,-15965,-15752,-15539,-15326,-15113,-14900,-14687,-14474,-14261,-14048,-13835,-13622,-13409,-13196,-12983,-12770,-12557,-12344,-12131,-11918,-11705,-11492,-11279,-11066,-10853,-10640,-10427,-10214,-10001,-9788,-9575,-9362,-9149,-8936,-8723,-8510,-8297,-8084,-7871,-7658,-7445,-7232,-7019,-6806,-6593,-6380,-6167,-5954,-5741,-5528,-5315,-5102,-4889,-4676,-4463,-4250,-4037,-3824,-3611,-3398,-3185,-2972,-2759,-2546,-2333,-2130,-2120,-1907,-1694,-1481,-1268,-1055,-842,-629,-416,-203,MAX=22588
11,224,437,650,863,1076,1289,1502,1715,1928,2141,2354,2567,2780,2993,3206,3419,3632,3845,4058,4271,4484,4697,4910,5123,5336,5549,5762,5975,6188,6401,6614,6827,7040,7253,7466,7679,7892,8105,8318,8531,8744,8957,9170,9383,9596,9809,10022,10235,10448,10661,10874,11087,11300,11513,11726,11939,12152,12365,12578,12791,13004,13217,13430,13643,13856,14069,14282,14495,14708,14921,15134,15347,15560,15773,15986,16199,16412,16625,16838,17051,17264,17477,17690,17903,18116,18329,18542,18755,18968,19181,19394,19607,19820,20033,20246,20459,20672,20885,21098,21311,21524,21737,21950,22163,22376,22589,-22567,-22354,-22141,-21928,-21715,-21502,-21289,-21076,-20863,-20650,-20437,-20224,-20011,-19798,-19585,-19372,-19159,-18946,-18733,-18520,-18307,-18094,-17881,-17668,-17455,-17242,-17029,-16816,-16603,-16390,-16177,-15964,-15751,-15538,-15325,-15112,-14899,-14686,-14473,-14260,-14047,-13834,-13621,-13408,-13195,-12982,-12769,-12556,-12343,-12130,-11917,-11704,-11491,-11278,-11065,-10852,-10639,-10426,-10213,-10000,-9787,-9574,-9361,-9148,-8935,-8722,-8509,-8296,-8083,-7870,-7657,-7444,-7231,-7018,-6805,-6592,-6379,-6166,-5953,-5740,-5527,-5314,-5101,-4888,-4675,-4462,-4249,-4036,-3823,-3610,-3397,-3184,-2971,-2758,-2545,-2343,-2332,-2119,-1906,-1693,-1480,-1267,-1054,-841,-628,-415,-202,MAX=22589
12,225,438,651,864,1077,1290,1503,1716,1929,2142,2355,2568,2781,2994,3207,3420,3633,3846,4059,4272,4485,4698,4911,5124,5337,5550,5763,5976,6189,6402,6615,6828,7041,7254,7467,7680,7893,8106,8319,8532,8745,8958,9171,9384,9597,9810,10023,10236,10449,10662,10875,11088,11301,11514,11727,11940,12153,12366,12579,12792,13005,13218,13431,13644,13857,14070,14283,14496,14709,14922,15135,15348,15561,15774,15987,16200,16413,16626,16839,17052,17265,17478,17691,17904,18117,18330,18543,18756,18969,19182,19395,19608,19821,20034,20247,20460,20673,20886,21099,21312,21525,21738,21951,22164,22377,22590,-22566,-22353,-22140,-21927,-21714,-21501,-21288,-21075,-20862,-20649,-20436,-20223,-20010,-19797,-19584,-19371,-19158,-18945,-18732,-18519,-18306,-18093,-17880,-17667,-17454,-17241,-17028,-16815,-16602,-16389,-16176,-15963,-15750,-15537,-15324,-15111,-14898,-14685,-14472,-14259,-14046,-13833,-13620,-13407,-13194,-12981,-12768,-12555,-12342,-12129,-11916,-11703,-11490,-11277,-11064,-10851,-10638,-10425,-10212,-9999,-9786,-9573,-9360,-9147,-8934,-8721,-8508,-8295,-8082,-7869,-7656,-7443,-7230,-7017,-6804,-6591,-6378,-6165,-5952,-5739,-5526,-5313,-5100,-4887,-4674,-4461,-4248,-4035,-3822,-3609,-3396,-3183,-2970,-2757,-2556,-2544,-2331,-2118,-1905,-1692,-1479,-1266,-1053,-840,-627,-414,-201,MAX=22590
13,226,439,652,865,1078,1291,1504,1717,1930,2143,2356,2569,2782,2995,3208,3421,3634,3847,4060,4273,4486,4699,4912,5125,5338,5551,5764,5977,6190,6403,6616,6829,7042,7255,7468,7681,7894,8107,8320,8533,8746,8959,9172,9385,9598,9811,10024,10237,10450,10663,10876,11089,11302,11515,11728,11941,12154,12367,12580,12793,13006,13219,13432,13645,13858,14071,14284,14497,14710,14923,15136,15349,15562,15775,15988,16201,16414,16627,16840,17053,17266,17479,17692,17905,18118,18331,18544,18757,18970,19183,19396,19609,19822,20035,20248,20461,20674,20887,21100,21313,21526,21739,21952,22165,22378,22591,-22565,-22352,-22139,-21926,-21713,-21500,-21287,-21074,-20861,-20648,-20435,-20222,-20009,-19796,-19583,-19370,-19157,-18944,-18731,-18518,-18305,-18092,-17879,-17666,-17453,-17240,-17027,-16814,-16601,-16388,-16175,-15962,-15749,-15536,-15323,-15110,-14897,-14684,-14471,-14258,-14045,-13832,-13619,-13406,-13193,-12980,-12767,-12554,-12341,-12128,-11915,-11702,-11489,-11276,-11063,-10850,-10637,-10424,-10211,-9998,-9785,-9572,-9359,-9146,-8933,-8720,-8507,-8294,-8081,-7868,-7655,-7442,-7229,-7016,-6803,-6590,-6377,-6164,-5951,-5738,-5525,-5312,-5099,-4886,-4673,-4460,-4247,-4034,-3821,-3608,-3395,-3182,-2969,-2769,-2756,-2543,-2330,-2117,-1904,-1691,-1478,-1265,-1052,-839,-626,-413,-200,MAX=22591
14,227,440,653,866,1079,1292,1505,1718,1931,2144,2357,2570,2783,2996,3209,3422,3635,3848,4061,4274,4487,4700,4913,5126,5339,5552,5765,5978,6191,6404,6617,6830,7043,7256,7469,7682,7895,8108,8321,8534,8747,8960,9173,9386,9599,9812,10025,10238,10451,10664,10877,11090,11303,11516,11729,11942,12155,12368,12581,12794,13007,13220,13433,13646,13859,14072,14285,14498,14711,14924,15137,15350,15563,15776,15989,16202,16415,16628,16841,17054,17267,17480,17693,17906,18119,18332,18545,18758,18971,19184,19397,19610,19823,20036,20249,20462,20675,20888,21101,21314,21527,21740,21953,22166,22379,22592,-22564,-22351,-22138,-21925,-21712,-21499,-21286,-21073,-20860,-20647,-20434,-20221,-20008,-19795,-19582,-19369,-19156,-18943,-18730,-18517,-18304,-18091,-17878,-17665,-17452,-17239,-17026,-16813,-16600,-16387,-16174,-15961,-15748,-15535,-15322,-15109,-14896,-14683,-14470,-14257,-14044,-13831,-13618,-13405,-13192,-12979,-12766,-12553,-12340,-12127,-11914,-11701,-11488,-11275,-11062,-10849,-10636,-10423,-10210,-9997,-9784,-9571,-9358,-9145,-8932,-8719,-8506,-8293,-8080,-7867,-7654,-7441,-7228,-7015,-6802,-6589,-6376,-6163,-5950,-5737,-5524,-5311,-5098,-4885,-4672,-4459,-4246,-4033,-3820,-3607,-3394,-3181,-2982,-2968,-2755,-2542,-2329,-2116,-1903,-1690,-1477,-1264,-1051,-838,-625,-412,-199,MAX=22592
15,228,441,654,867,1080,1293,1506,1719,1932,2145,2358,2571,2784,2997,3210,3423,3636,3849,4062,4275,4488,4701,4914,5127,5340,5553,5766,5979,6192,6405,6618,6831,7044,7257,7470,7683,7896,8109,8322,8535,8748,8961,9174,9387,9600,9813,10026,10239,10452,10665,10878,11091,11304,11517,11730,11943,12156,12369,12582,12795,13008,13221,13434,13647,13860,14073,14286,14499,14712,14925,15138,15351,15564,15777,15990,16203,16416,16629,16842,17055,17268,17481,17694,17907,18120,18333,18546,18759,18972,19185,19398,19611,19824,20037,20250,20463,20676,20889,21102,21315,21528,21741,21954,22167,22380,22593,-22563,-22350,-22137,-21924,-21711,-21498,-21285,-21072,-20859,-20646,-20433,-20220,-20007,-19794,-19581,-19368,-19155,-18942,-18729,-18516,-18303,-18090,-17877,-17664,-17451,-17238,-17025,-16812,-16599,-16386,-16173,-15960,-15747,-15534,-15321,-15108,-14895,-14682,-14469,-14256,-14043,-13830,-13617,-13404,-13191,-12978,-12765,-12552,-12339,-12126,-11913,-11700,-11487,-11274,-11061,-10848,-10635,-10422,-10209,-9996,-9783,-9570,-9357,-9144,-8931,-8718,-8505,-8292,-8079,-7866,-7653,-7440,-7227,-7014,-6801,-6588,-6375,-6162,-5949,-5736,-5523,-5310,-5097,-4884,-4671,-4458,-4245,-4032,-3819,-3606,-3393,-3195,-3180,-2967,-2754,-2541,-2328,-2115,-1902,-1689,-1476,-1263,-1050,-837,-624,-411,-198,MAX=22593
16,229,442,655,868,1081,1294,1507,1720,1933,2146,2359,2572,2785,2998,3211,3424,3637,3850,4063,4276,4489,4702,4915,5128,5341,5554,5767,5980,6193,6406,6619,6832,7045,7258,7471,7684,7897,8110,8323,8536,8749,8962,9175,9388,9601,9814,10027,10240,10453,10666,10879,11092,11305,11518,11731,11944,12157,12370,12583,12796,13009,13222,13435,13648,13861,14074,14287,14500,14713,14926,15139,15352,15565,15778,15991,16204,16417,16630,16843,17056,17269,17482,17695,17908,18121,18334,18547,18760,18973,19186,19399,19612,19825,20038,20251,20464,20677,20890,21103,21316,21529,21742,21955,22168,22381,22594,-22562,-22349,-22136,-21923,-21710,-21497,-21284,-21071,-20858,-20645,-20432,-20219,-20006,-19793,-19580,-19367,-19154,-18941,-18728,-18515,-18302,-18089,-17876,-17663,-17450,-17237,-17024,-16811,-16598,-16385,-16172,-15959,-15746,-15533,-15320,-15107,-14894,-14681,-14468,-14255,-14042,-13829,-13616,-13403,-13190,-12977,-12764,-12551,-12338,-12125,-11912,-11699,-11486,-11273,-11060,-10847,-10634,-10421,-10208,-9995,-9782,-9569,-9356,-9143,-8930,-8717,-8504,-8291,-8078,-7865,-7652,-7439,-7226,-7013,-6800,-6587,-6374,-6161,-5948,-5735,-5522,-5309,-5096,-4883,-4670,-4457,-4244,-4031,-3818,-3605,-3408,-3392,-3179,-2966,-2753,-2540,-2327,-2114,-1901,-1688,-1475,-1262,-1049,-836,-623,-410,-197,MAX=22594
17,230,443,656,869,1082,1295,1508,1721,1934,2147,2360,2573,2786,2999,3212,3425,3638,3851,4064,4277,4490,4703,4916,5129,5342,5555,5768,5981,6194,6407,6620,6833,7046,7259,7472,7685,7898,8111,8324,8537,8750,8963,9176,9389,9602,9815,10028,10241,10454,10667,10880,11093,11306,11519,11732,11945,12158,12371,12584,12797,13010,13223,13436,13649,13862,14075,14288,14501,14714,14927,15140,15353,15566,15779,15992,16205,16418,16631,16844,17057,17270,17483,17696,17909,18122,18335,18548,18761,18974,19187,19400,19613,19826,20039,20252,20465,20678,20891,21104,21317,21530,21743,21956,22169,22382,22595,-22561,-22348,-22135,-21922,-21709,-21496,-21283,-21070,-20857,-20644,-20431,-20218,-20005,-19792,-19579,-19366,-19153,-18940,-18727,-18514,-18301,-18088,-17875,-17662,-17449,-17236,-17023,-16810,-16597,-16384,-16171,-15958,-15745,-15532,-15319,-15106,-14893,-14680,-14467,-14254,-14041,-13828,-13615,-13402,-13189,-12976,-12763,-12550,-12337,-12124,-11911,-11698,-11485,-11272,-11059,-10846,-10633,-10420,-10207,-9994,-9781,-9568,-9355,-9142,-8929,-8716,-8503,-8290,-8077,-7864,-7651,-7438,-7225,-7012,-6799,-6586,-6373,-6160,-5947,-5734,-5521,-5308,-5095,-4882,-4669,-4456,-4243,-4030,-3817,-3621,-3604,-3391,-3178,-2965,-2752,-2539,-2326,-2113,-1900,-1687,-1474,-1261,-1048,-835,-622,-409,-196,MAX=22595
18,231,444,657,870,1083,1296,1509,1722,1935,2148,2361,2574,2787,3000,3213,3426,3639,3852,4065,4278,4491,4704,4917,5130,5343,5556,5769,5982,6195,6408,6621,6834,7047,7260,7473,7686,7899,8112,8325,8538,8751,8964,9177,9390,9603,9816,10029,10242,10455,10668,10881,11094,11307,11520,11733,11946,12159,12372,12585,12798,13011,13224,13437,13650,13863,14076,14289,14502,14715,14928,15141,15354,15567,15780,15993,16206,16419,16632,16845,17058,17271,17484,17697,17910,18123,18336,18549,18762,18975,19188,19401,19614,19827,20040,20253,20466,20679,20892,21105,21318,21531,21744,21957,22170,22383,22596,-22560,-22347,-22134,-21921,-21708,-21495,-21282,-21069,-20856,-20643,-20430,-20217,-20004,-19791,-19578,-19365,-19152,-18939,-18726,-18513,-18300,-18087,-17874,-17661,-17448,-17235,-17022,-16809,-16596,-16383,-16170,-15957,-15744,-15531,-15318,-15105,-14892,-14679,-14466,-14253,-14040,-13827,-13614,-13401,-13188,-12975,-12762,-12549,-12336,-12123,-11910,-11697,-11484,-11271,-11058,-10845,-10632,-10419,-10206,-9993,-9780,-9567,-9354,-9141,-8928,-8715,-8502,-8289,-8076,-7863,-7650,-7437,-7224,-7011,-6798,-6585,-6372,-6159,-5946,-5733,-5520,-5307,-5094,-4881,-4668,-4455,-4242,-4029,-3834,-3816,-3603,-3390,-3177,-2964,-2751,-2538,-2325,-2112,-1899,-1686,-1473,-1260,-1047,-834,-621,-408,-195,MAX=22596
19,232,445,658,871,1084,1297,1510,1723,1936,2149,2362,2575,2788,3001,3214,3427,3640,3853,4066,4279,4492,4705,4918,5131,5344,5557,5770,5983,6196,6409,6622,6835,7048,7261,7474,7687,7900,8113,8326,8539,8752,8965,9178,9391,9604,9817,10030,10243,10456,10669,10882,11095,11308,11521,11734,11947,12160,12373,12586,12799,13012,13225,13438,13651,13864,14077,14290,14503,14716,14929,15142,15355,15568,15781,15994,16207,16420,16633,16846,17059,17272,17485,17698,17911,18124,18337,18550,18763,18976,19189,19402,19615,19828,20041,20254,20467,20680,20893,21106,21319,21532,21745,21958,22171,22384,22597,-22559,-22346,-22133,-21920,-21707,-21494,-21281,-21068,-20855,-20642,-20429,-20216,-20003,-19790,-19577,-19364,-19151,-18938,-18725,-18512,-18299,-18086,-17873,-17660,-17447,-17234,-17021,-16808,-16595,-16382,-16169,-15956,-15743,-15530,-15317,-15104,-14891,-14678,-14465,-14252,-14039,-13826,-13613,-13400,-13187,-12974,-12761,-12548,-12335,-12122,-11909,-11696,-11483,-11270,-11057,-10844,-10631,-10418,-10205,-9992,-9779,-9566,-9353,-9140,-8927,-8714,-8501,-8288,-8075,-7862,-7649,-7436,-7223,-7010,-6797,-6584,-6371,-6158,-5945,-5732,-5519,-5306,-5093,-4880,-4667,-4454,-4241,-4047,-4028,-3815,-3602,-3389,-3176,-2963,-2750,-2537,-2324,-2111,-1898,-1685,-1472,-1259,-1046,-833,-620,-407,-194,MAX=22597
20,233,446,659,872,1085,1298,1511,1724,1937,2150,2363,2576,2789,3002,3215,3428,3641,3854,4067,4280,4493,4706,4919,5132,5345,5558,5771,5984,6197,6410,6623,6836,7049,7262,7475,7688,7901,8114,8327,8540,8753,8966,9179,9392,9605,9818,10031,10244,10457,10670,10883,11096,11309,11522,11735,11948,12161,12374,12587,12800,13013,13226,13439,13652,13865,14078,14291,14504,14717,14930,15143,15356,15569,15782,15995,16208,16421,16634,16847,17060,17273,17486,17699,17912,18125,18338,18551,18764,18977,19190,19403,19616,19829,20042,20255,20468,20681,20894,21107,21320,21533,21746,21959,22172,22385,22598,-22558,-22345,-22132,-21919,-21706,-21493,-21280,-21067,-20854,-20641,-20428,-20215,-20002,-19789,-19576,-19363,-19150,-18937,-18724,-18511,-18298,-18085,-17872,-17659,-17446,-17233,-17020,-16807,-16594,-16381,-16168,-15955,-15742,-15529,-15316,-15103,-14890,-14677,-14464,-14251,-14038,-13825,-13612,-13399,-13186,-12973,-12760,-12547,-12334,-12121,-11908,-11695,-11482,-11269,-11056,-10843,-10630,-10417,-10204,-9991,-9778,-9565,-9352,-9139,-8926,-8713,-8500,-8287,-8074,-7861,-7648,-7435,-7222,-7009,-6796,-6583,-6370,-6157,-5944,-5731,-5518,-5305,-5092,-4879,-4666,-4453,-4260,-4240,-4027,-3814,-3601,-3388,-3175,-2962,-2749,-2536,-2323,-2110,-1897,-1684,-1471,-1258,-1045,-832,-619,-406,-193,MAX=22598
21,234,447,660,873,1086,1299,1512,1725,1938,2151,2364,2577,2790,3003,3216,3429,3642,3855,4068,4281,4494,4707,4920,5133,5346,5559,5772,5985,6198,6411,6624,6837,7050,7263,7476,7689,7902,8115,8328,8541,8754,8967,9180,9393,9606,9819,10032,10245,10458,10671,10884,11097,11310,11523,11736,11949,12162,12375,12588,12801,13014,13227,13440,13653,13866,14079,14292,14505,14718,14931,15144,15357,15570,15783,15996,16209,16422,16635,16848,17061,17274,17487,17700,17913,18126,18339,18552,18765,18978,19191,19404,19617,19830,20043,20256,20469,20682,20895,21108,21321,21534,21747,21960,22173,22386,22599,-22557,-22344,-22131,-21918,-21705,-21492,-21279,-21066,-20853,-20640,-20427,-20214,-20001,-19788,-19575,-19362,-19149,-18936,-18723,-18510,-18297,-18084,-17871,-17658,-17445,-17232,-17019,-16806,-16593,-16380,-16167,-15954,-15741,-15528,-15315,-15102,-14889,-14676,-14463,-14250,-14037,-13824,-13611,-13398,-13185,-12972,-12759,-12546,-12333,-12120,-11907,-11694,-11481,-11268,-11055,-10842,-10629,-10416,-10203,-9990,-9777,-9564,-9351,-9138,-8925,-8712,-8499,-8286,-8073,-7860,-7647,-7434,-7221,-7008,-6795,-6582,-6369,-6156,-5943,-5730,-5517,-5304,-5091,-4878,-4665,-4473,-4452,-4239,-4026,-3813,-3600,-3387,-3174,-2961,-2748,-2535,-2322,-2109,-1896,-1683,-1470,-1257,-1044,-831,-618,-405,-192,MAX=22599
22,235,448,661,874,1087,1300,1513,1726,1939,2152,2365,2578,2791,3004,3217,3430,3643,3856,4069,4282,4495,4708,4921,5134,5347,5560,5773,5986,6199,6412,6625,6838,7051,7264,7477,7690,7903,8116,8329,8542,8755,8968,9181,9394,9607,9820,10033,10246,10459,10672,10885,11098,11311,11524,11737,11950,12163,12376,12589,12802,13015,13228,13441,13654,13867,14080,14293,14506,14719,14932,15145,15358,15571,15784,15997,16210,16423,16636,16849,17062,17275,17488,17701,17914,18127,18340,18553,18766,18979,19192,19405,19618,19831,20044,20257,20470,20683,20896,21109,21322,21535,21748,21961,22174,22387,22600,-22556,-22343,-22130,-21917,-21704,-21491,-21278,-21065,-20852,-20639,-20426,-20213,-20000,-19787,-19574,-19361,-19148,-18935,-18722,-18509,-18296,-18083,-17870,-17657,-17444,-17231,-17018,-16805,-16592,-16379,-16166,-15953,-15740,-15527,-15314,-15101,-14888,-14675,-14462,-14249,-14036,-13823,-13610,-13397,-13184,-12971,-12758,-12545,-12332,-12119,-11906,-11693,-11480,-11267,-11054,-10841,-10628,-10415,-10202,-9989,-9776,-9563,-9350,-9137,-8924,-8711,-8498,-8285,-8072,-7859,-7646,-7433,-7220,-7007,-6794,-6581,-6368,-6155,-5942,-5729,-5516,-5303,-5090,-4877,-4686,-4664,-4451,-4238,-4025,-3812,-3599,-3386,-3173,-2960,-2747,-2534,-2321,-2108,-1895,-1682,-1469,-1256,-1043,-830,-617,-404,-191,MAX=22600
23,236,449,662,875,1088,1301,1514,1727,1940,2153,2366,2579,2792,3005,3218,3431,3644,3857,4070,4283,4496,4709,4922,5135,5348,5561,5774,5987,6200,6413,6626,6839,7052,7265,7478,7691,7904,8117,8330,8543,8756,8969,9182,9395,9608,9821,10034,10247,10460,10673,10886,11099,11312,11525,11738,11951,12164,12377,12590,12803,13016,13229,13442,13655,13868,14081,14294,14507,14720,14933,15146,15359,15572,15785,15998,16211,16424,16637,16850,17063,17276,17489,17702,17915,18128,18341,18554,18767,18980,19193,19406,19619,19832,20045,20258,20471,20684,20897,21110,21323,21536,21749,21962,22175,22388,22601,-22555,-22342,-22129,-21916,-21703,-21490,-21277,-21064,-20851,-20638,-20425,-20212,-19999,-19786,-19573,-19360,-19147,-18934,-18721,-18508,-18295,-18082,-17869,-17656,-17443,-17230,-17017,-16804,-16591,-16378,-16165,-15952,-15739,-15526,-15313,-15100,-14887,-14674,-14461,-14248,-14035,-13822,-13609,-13396,-13183,-12970,-12757,-12544,-12331,-12118,-11905,-11692,-11479,-11266,-11053,-10840,-10627,-10414,-10201,-9988,-9775,-9562,-9349,-9136,-8923,-8710,-8497,-8284,-8071,-7858,-7645,-7432,-7219,-7006,-6793,-6580,-6367,-6154,-5941,-5728,-5515,-5302,-5089,-4899,-4876,-4663,-4450,-4237,-4024,-3811,-3598,-3385,-3172,-2959,-2746,-2533,-2320,-2107,-1894,-1681,-1468,-1255,-1042,-829,-616,-403,-190,MAX=22601
24,237,450,663,876,1089,1302,1515,1728,1941,2154,2367,2580,2793,3006,3219,3432,3645,3858,4071,4284,4497,4710,4923,5136,5349,5562,5775,5988,6201,6414,6627,6840,7053,7266,7479,7692,7905,8118,8331,8544,8757,8970,9183,9396,9609,9822,10035,10248,10461,10674,10887,11100,11313,11526,11739,11952,12165,12378,12591,12804,13017,13230,13443,13656,13869,14082,14295,14508,14721,14934,15147,15360,15573,15786,15999,16212,16425,16638,16851,17064,17277,17490,17703,17916,18129,18342,18555,18768,18981,19194,19407,19620,19833,20046,20259,20472,20685,20898,21111,21324,21537,21750,21963,22176,22389,22602,-22554,-22341,-22128,-21915,-21702,-21489,-21276,-21063,-20850,-20637,-20424,-20211,-19998,-19785,-19572,-19359,-19146,-18933,-18720,-18507,-18294,-18081,-17868,-17655,-17442,-17229,-17016,-16803,-16590,-16377,-16164,-15951,-15738,-15525,-15312,-15099,-14886,-14673,-14460,-14247,-14034,-13821,-13608,-13395,-13182,-12969,-12756,-12543,-12330,-12117,-11904,-11691,-11478,-11265,-11052,-10839,-10626,-10413,-10200,-9987,-9774,-9561,-9348,-9135,-8922,-8709,-8496,-8283,-8070,-7857,-7644,-7431,-7218,-7005,-6792,-6579,-6366,-6153,-5940,-5727,-5514,-5301,-5112,-5088,-4875,-4662,-4449,-4236,-4023,-3810,-3597,-3384,-3171,-2958,-2745,-2532,-2319,-2106,-1893,-1680,-1467,-1254,-1041,-828,-615,-402,-189,MAX=22602
25,238,451,664,877,1090,1303,1516,1729,1942,2155,2368,2581,2794,3007,3220,3433,3646,3859,4072,4285,4498,4711,4924,5137,5350,5563,5776,5989,6202,6415,6628,6841,7054,7267,7480,7693,7906,8119,8332,8545,8758,8971,9184,9397,9610,9823,10036,10249,10462,10675,10888,11101,11314,11527,11740,11953,12166,12379,12592,12805,13018,13231,13444,13657,13870,14083,14296,14509,14722,14935,15148,15361,15574,15787,16000,16213,16426,16639,16852,17065,17278,17491,17704,17917,18130,18343,18556,18769,18982,19195,19408,19621,19834,20047,20260,20473,20686,20899,21112,21325,21538,21751,21964,22177,22390,22603,-22553,-22340,-22127,-21914,-21701,-21488,-21275,-21062,-20849,-20636,-20423,-20210,-19997,-19784,-19571,-19358,-19145,-18932,-18719,-18506,-18293,-18080,-17867,-17654,-17441,-17228,-17015,-16802,-16589,-16376,-16163,-15950,-15737,-15524,-15311,-15098,-14885,-14672,-14459,-14246,-14033,-13820,-13607,-13394,-13181,-12968,-12755,-12542,-12329,-12116,-11903,-11690,-11477,-11264,-11051,-10838,-10625,-10412,-10199,-9986,-9773,-9560,-9347,-9134,-8921,-8708,-8495,-8282,-8069,-7856,-7643,-7430,-7217,-7004,-6791,-6578,-6365,-6152,-5939,-5726,-5513,-5325,-5300,-5087,-4874,-4661,-4448,-4235,-4022,-3809,-3596,-3383,-3170,-2957,-2744,-2531,-2318,-2105,-1892,-1679,-1466,-1253,-1040,-827,-614,-401,-188,MAX=22603
26,239,452,665,878,1091,1304,1517,1730,1943,2156,2369,2582,2795,3008,3221,3434,3647,3860,4073,4286,4499,4712,4925,5138,5351,5564,5777,5990,6203,6416,6629,6842,7055,7268,7481,7694,7907,8120,8333,8546,8759,8972,9185,9398,9611,9824,10037,10250,10463,10676,10889,11102,11315,11528,11741,11954,12167,12380,12593,12806,13019,13232,13445,13658,13871,14084,14297,14510,14723,14936,15149,15362,15575,15788,16001,16214,16427,16640,16853,17066,17279,17492,17705,17918,18131,18344,18557,18770,18983,19196,19409,19622,19835,20048,20261,20474,20687,20900,21113,21326,21539,21752,21965,22178,22391,22604,-22552,-22339,-22126,-21913,-21700,-21487,-21274,-21061,-20848,-20635,-20422,-20209,-19996,-19783,-19570,-19357,-19144,-18931,-18718,-18505,-18292,-18079,-17866,-17653,-17440,-17227,-17014,-16801,-16588,-16375,-16162,-15949,-15736,-15523,-15310,-15097,-14884,-14671,-14458,-14245,-14032,-13819,-13606,-13393,-13180,-12967,-12754,-12541,-12328,-12115,-11902,-11689,-11476,-11263,-11050,-10837,-10624,-10411,-10198,-9985,-9772,-9559,-9346,-9133,-8920,-8707,-8494,-8281,-8068,-7855,-7642,-7429,-7216,-7003,-6790,-6577,-6364,-6151,-5938,-5725,-5538,-5512,-5299,-5086,-4873,-4660,-4447,-4234,-4021,-3808,-3595,-3382,-3169,-2956,-2743,-2530,-2317,-2104,-1891,-1678,-1465,-1252,-1039,-826,-613,-400,-187,MAX=22604
27,240,453,666,879,1092,1305,1518,1731,1944,2157,2370,2583,2796,3009,3222,3435,3648,3861,4074,4287,4500,4713,4926,5139,5352,5565,5778,5991,6204,6417,6630,6843,7056,7269,7482,7695,7908,8121,8334,8547,8760,8973,9186,9399,9612,9825,10038,10251,10464,10677,10890,11103,11316,11529,11742,11955,12168,12381,12594,12807,13020,13233,13446,13659,13872,14085,14298,14511,14724,14937,15150,15363,15576,15789,16002,16215,16428,16641,16854,17067,17280,17493,17706,17919,18132,18345,18558,18771,18984,19197,19410,19623,19836,20049,20262,20475,20688,20901,21114,21327,21540,21753,21966,22179,22392,22605,-22551,-22338,-22125,-21912,-21699,-21486,-21273,-21060,-20847,-20634,-20421,-20208,-19995,-19782,-19569,-19356,-19143,-18930,-18717,-18504,-18291,-18078,-17865,-17652,-17439,-17226,-17013,-16800,-16587,-16374,-16161,-15948,-15735,-15522,-15309,-15096,-14883,-14670,-14457,-14244,-14031,-13818,-13605,-13392,-13179,-12966,-12753,-12540,-12327,-12114,-11901,-11688,-11475,-11262,-11049,-10836,-10623,-10410,-10197,-9984,-9771,-9558,-9345,-9132,-8919,-8706,-8493,-8280,-8067,-7854,-7641,-7428,-7215,-7002,-6789,-6576,-6363,-6150,-5937,-5751,-5724,-5511,-5298,-5085,-4872,-4659,-4446,-4233,-4020,-3807,-3594,-3381,-3168,-2955,-2742,-2529,-2316,-2103,-1890,-1677,-1464,-1251,-1038,-825,-612,-399,-186,MAX=22605
28,241,454,667,880,1093,1306,1519,1732,1945,2158,2371,2584,2797,3010,3223,3436,3649,3862,4075,4288,4501,4714,4927,5140,5353,5566,5779,5992,6205,6418,6631,6844,7057,7270,7483,7696,7909,8122,8335,8548,8761,8974,9187,9400,9613,9826,10039,10252,10465,10678,10891,11104,11317,11530,11743,11956,12169,12382,12595,12808,13021,13234,13447,13660,13873,14086,14299,14512,14725,14938,15151,15364,15577,15790,16003,16216,16429,16642,16855,17068,17281,17494,17707,17920,18133,18346,18559,18772,18985,19198,19411,19624,19837,20050,20263,20476,20689,20902,21115,21328,21541,21754,21967,22180,22393,22606,-22550,-22337,-22124,-21911,-21698,-21485,-21272,-21059,-20846,-20633,-20420,-20207,-19994,-19781,-19568,-19355,-19142,-18929,-18716,-18503,-18290,-18077,-17864,-17651,-17438,-17225,-17012,-16799,-16586,-16373,-16160,-15947,-15734,-15521,-15308,-15095,-14882,-14669,-14456,-14243,-14030,-13817,-13604,-13391,-13178,-12965,-12752,-12539,-12326,-12113,-11900,-11687,-11474,-11261,-11048,-10835,-10622,-10409,-10196,-9983,-9770,-9557,-9344,-9131,-8918,-8705,-8492,-8279,-8066,-7853,-7640,-7427,-7214,-7001,-6788,-6575,-6362,-6149,-5964,-5936,-5723,-5510,-5297,-5084,-4871,-4658,-4445,-4232,-4019,-3806,-3593,-3380,-3167,-2954,-2741,-2528,-2315,-2102,-1889,-1676,-1463,-1250,-1037,-824,-611,-398,-185,MAX=22606
29,242,455,668,881,1094,1307,1520,1733,1946,2159,2372,2585,2798,3011,3224,3437,3650,3863,4076,4289,4502,4715,4928,5141,5354,5567,5780,5993,6206,6419,6632,6845,7058,7271,7484,7697,7910,8123,8336,8549,8762,8975,9188,9401,9614,9827,10040,10253,10466,10679,10892,11105,11318,11531,11744,11957,12170,12383,12596,12809,13022,13235,13448,13661,13874,14087,14300,14513,14726,14939,15152,15365,15578,15791,16004,16217,16430,16643,16856,17069,17282,17495,17708,17921,18134,18347,18560,18773,18986,19199,19412,19625,19838,20051,20264,20477,20690,20903,21116,21329,21542,21755,21968,22181,22394,22607,-22549,-22336,-22123,-21910,-21697,-21484,-21271,-21058,-20845,-20632,-20419,-20206,-19993,-19780,-19567,-19354,-19141,-18928,-18715,-18502,-18289,-18076,-17863,-17650,-17437,-17224,-17011,-16798,-16585,-16372,-16159,-15946,-15733,-15520,-15307,-15094,-14881,-14668,-14455,-14242,-14029,-13816,-13603,-13390,-13177,-12964,-12751,-12538,-12325,-12112,-11899,-11686,-11473,-11260,-11047,-10834,-10621,-10408,-10195,-9982,-9769,-9556,-9343,-9130,-8917,-8704,-8491,-8278,-8065,-7852,-7639,-7426,-7213,-7000,-6787,-6574,-6361,-6177,-6148,-5935,-5722,-5509,-5296,-5083,-4870,-4657,-4444,-4231,-4018,-3805,-3592,-3379,-3166,-2953,-2740,-2527,-2314,-2101,-1888,-1675,-1462,-1249,-1036,-823,-610,-397,-184,MAX=22607
30,243,456,669,882,1095,1308,1521,1734,1947,2160,2373,2586,2799,3012,3225,3438,3651,3864,4077,4290,4503,4716,4929,5142,5355,5568,5781,5994,6207,6420,6633,6846,7059,7272,7485,7698,7911,8124,8337,8550,8763,8976,9189,9402,9615,9828,10041,10254,10467,10680,10893,11106,11319,11532,11745,11958,12171,12384,12597,12810,13023,13236,13449,13662,13875,14088,14301,14514,14727,14940,15153,15366,15579,15792,16005,16218,16431,16644,16857,17070,17283,17496,17709,17922,18135,18348,18561,18774,18987,19200,19413,19626,19839,20052,20265,20478,20691,20904,21117,21330,21543,21756,21969,22182,22395,22608,-22548,-22335,-22122,-21909,-21696,-21483,-21270,-21057,-20844,-20631,-20418,-20205,-19992,-19779,-19566,-19353,-19140,-18927,-18714,-18501,-18288,-18075,-17862,-17649,-17436,-17223,-17010,-16797,-16584,-16371,-16158,-15945,-15732,-15519,-15306,-15093,-14880,-14667,-14454,-14241,-14028,-13815,-13602,-13389,-13176,-12963,-12750,-12537,-12324,-12111,-11898,-11685,-11472,-11259,-11046,-10833,-10620,-10407,-10194,-9981,-9768,-9555,-9342,-9129,-8916,-8703,-8490,-8277,-8064,-7851,-7638,-7425,-7212,-6999,-6786,-6573,-6390,-6360,-6147,-5934,-5721,-5508,-5295,-5082,-4869,-4656,-4443,-4230,-4017,-3804,-3591,-3378,-3165,-2952,-2739,-2526,-2313,-2100,-1887,-1674,-1461,-1248,-1035,-822,-609,-396,-183,MAX=22608
31,244,457,670,883,1096,1309,1522,1735,1948,2161,2374,2587,2800,3013,3226,3439,3652,3865,4078,4291,4504,4717,4930,5143,5356,5569,5782,5995,6208,6421,6634,6847,7060,7273,7486,7699,7912,8125,8338,8551,8764,8977,9190,9403,9616,9829,10042,10255,10468,10681,10894,11107,11320,11533,11746,11959,12172,12385,12598,12811,13024,13237,13450,13663,13876,14089,14302,14515,14728,14941,15154,15367,15580,15793,16006,16219,16432,16645,16858,17071,17284,17497,17710,17923,18136,18349,18562,18775,18988,19201,19414,19627,19840,20053,20266,20479,20692,20905,21118,21331,21544,21757,21970,22183,22396,22609,-22547,-22334,-22121,-21908,-21695,-21482,-21269,-21056,-20843,-20630,-20417,-20204,-19991,-19778,-19565,-19352,-19139,-18926,-18713,-18500,-18287,-18074,-17861,-17648,-17435,-17222,-17009,-16796,-16583,-16370,-16157,-15944,-15731,-15518,-15305,-15092,-14879,-14666,-14453,-14240,-14027,-13814,-13601,-13388,-13175,-12962,-12749,-12536,-12323,-12110,-11897,-11684,-11471,-11258,-11045,-10832,-10619,-10406,-10193,-9980,-9767,-9554,-9341,-9128,-8915,-8702,-8489,-8276,-8063,-7850,-7637,-7424,-7211,-6998,-6785,-6603,-6572,-6359,-6146,-5933,-5720,-5507,-5294,-5081,-4868,-4655,-4442,-4229,-4016,-3803,-3590,-3377,-3164,-2951,-2738,-2525,-2312,-2099,-1886,-1673,-1460,-1247,-1034,-821,-608,-395,-182,MAX=22609
32,245,458,671,884,1097,1310,1523,1736,1949,2162,2375,2588,2801,3014,3227,3440,3653,3866,4079,4292,4505,4718,4931,5144,5357,5570,5783,5996,6209,6422,6635,6848,7061,7274,7487,7700,7913,8126,8339,8552,8765,8978,9191,9404,9617,9830,10043,10256,10469,10682,10895,11108,11321,11534,11747,11960,12173,12386,12599,12812,13025,13238,13451,13664,13877,14090,14303,14516,14729,14942,15155,15368,15581,15794,16007,16220,16433,16646,16859,17072,17285,17498,17711,17924,18137,18350,18563,18776,18989,19202,19415,19628,19841,20054,20267,20480,20693,20906,21119,21332,21545,21758,21971,22184,22397,22610,-22546,-22333,-22120,-21907,-21694,-21481,-21268,-21055,-20842,-20629,-20416,-20203,-19990,-19777,-19564,-19351,-19138,-18925,-18712,-18499,-18286,-18073,-17860,-17647,-17434,-17221,-17008,-16795,-16582,-16369,-16156,-15943,-15730,-15517,-15304,-15091,-14878,-14665,-14452,-14239,-14026,-13813,-13600,-13387,-13174,-12961,-12748,-12535,-12322,-12109,-11896,-11683,-11470,-11257,-11044,-10831,-10618,-10405,-10192,-9979,-9766,-9553,-9340,-9127,-8914,-8701,-8488,-8275,-8062,-7849,-7636,-7423,-7210,-6997,-6816,-6784,-6571,-6358,-6145,-5932,-5719,-5506,-5293,-5080,-4867,-4654,-4441,-4228,-4015,-3802,-3589,-3376,-3163,-2950,-2737,-2524,-2311,-2098,-1885,-1672,-1459,-1246,-1033,-820,-607,-394,-181,MAX=22610
33,246,459,672,885,1098,1311,1524,1737,1950,2163,2376,2589,2802,3015,3228,3441,3654,3867,4080,4293,4506,4719,4932,5145,5358,5571,5784,5997,6210,6423,6636,6849,7062,7275,7488,7701,7914,8127,8340,8553,8766,8979,9192,9405,9618,9831,10044,10257,10470,10683,10896,11109,11322,11535,11748,11961,12174,12387,12600,12813,13026,13239,13452,13665,13878,14091,14304,14517,14730,14943,15156,15369,15582,15795,16008,16221,16434,16647,16860,17073,17286,17499,17712,17925,18138,18351,18564,18777,18990,19203,19416,19629,19842,20055,20268,20481,20694,20907,21120,21333,21546,21759,21972,22185,22398,22611,-22545,-22332,-22119,-21906,-21693,-21480,-21267,-21054,-20841,-20628,-20415,-20202,-19989,-19776,-19563,-19350,-19137,-18924,-18711,-18498,-18285,-18072,-17859,-17646,-17433,-17220,-17007,-16794,-16581,-16368,-16155,-15942,-15729,-15516,-15303,-15090,-14877,-14664,-14451,-14238,-14025,-13812,-13599,-13386,-13173,-12960,-12747,-12534,-12321,-12108,-11895,-11682,-11469,-11256,-11043,-10830,-10617,-10404,-10191,-9978,-9765,-9552,-9339,-9126,-8913,-8700,-8487,-8274,-8061,-7848,-7635,-7422,-7209,-7029,-6996,-6783,-6570,-6357,-6144,-5931,-5718,-5505,-5292,-5079,-4866,-4653,-4440,-4227,-4014,-3801,-3588,-3375,-3162,-2949,-2736,-2523,-2310,-2097,-1884,-1671,-1458,-1245,-1032,-819,-606,-393,-180,MAX=22611
34,247,460,673,886,1099,1312,1525,1738,1951,2164,2377,2590,2803,3016,3229,3442,3655,3868,4081,4294,4507,4720,4933,5146,5359,5572,5785,5998,6211,6424,6637,6850,7063,7276,7489,7702,7915,8128,8341,8554,8767,8980,9193,9406,9619,9832,10045,10258,10471,10684,10897,11110,11323,11536,11749,11962,12175,12388,12601,12814,13027,13240,13453,13666,13879,14092,14305,14518,14731,14944,15157,15370,15583,15796,16009,16222,16435,16648,16861,17074,17287,17500,17713,17926,18139,18352,18565,18778,18991,19204,19417,19630,19843,20056,20269,20482,20695,20908,21121,21334,21547,21760,21973,22186,22399,22612,-22544,-22331,-22118,-21905,-21692,-21479,-21266,-21053,-20840,-20627,-20414,-20201,-19988,-19775,-19562,-19349,-19136,-18923,-18710,-18497,-18284,-18071,-17858,-17645,-17432,-17219,-17006,-16793,-16580,-16367,-16154,-15941,-15728,-15515,-15302,-15089,-14876,-14663,-14450,-14237,-14024,-13811,-13598,-13385,-13172,-12959,-12746,-12533,-12320,-12107,-11894,-11681,-11468,-11255,-11042,-10829,-10616,-10403,-10190,-9977,-9764,-9551,-9338,-9125,-8912,-8699,-8486,-8273,-8060,-7847,-7634,-7421,-7242,-7208,-6995,-6782,-6569,-6356,-6143,-5930,-5717,-5504,-5291,-5078,-4865,-4652,-4439,-4226,-4013,-3800,-3587,-3374,-3161,-2948,-2735,-2522,-2309,-2096,-1883,-1670,-1457,-1244,-1031,-818,-605,-392,-179,MAX=22612
35,248,461,674,887,1100,1313,1526,1739,1952,2165,2378,2591,2804,3017,3230,3443,3656,3869,4082,4295,4508,4721,4934,5147,5360,5573,5786,5999,6212,6425,6638,6851,7064,7277,7490,7703,7916,8129,8342,8555,8768,8981,9194,9407,9620,9833,10046,10259,10472,10685,10898,11111,11324,11537,11750,11963,12176,12389,12602,12815,13028,13241,13454,13667,13880,14093,14306,14519,14732,14945,15158,15371,15584,15797,16010,16223,16436,16649,16862,17075,17288,17501,17714,17927,18140,18353,18566,18779,18992,19205,19418,19631,19844,20057,20270,20483,20696,20909,21122,21335,21548,21761,21974,22187,22400,22613,-22543,-22330,-22117,-21904,-21691,-21478,-21265,-21052,-20839,-20626,-20413,-20200,-19987,-19774,-19561,-19348,-19135,-18922,-18709,-18496,-18283,-18070,-17857,-17644,-17431,-17218,-17005,-16792,-16579,-16366,-16153,-15940,-15727,-15514,-15301,-15088,-14875,-14662,-14449,-14236,-14023,-13810,-13597,-13384,-13171,-12958,-12745,-12532,-12319,-12106,-11893,-11680,-11467,-11254,-11041,-10828,-10615,-10402,-10189,-9976,-9763,-9550,-9337,-9124,-8911,-8698,-8485,-8272,-8059,-7846,-7633,-7455,-7420,-7207,-6994,-6781,-6568,-6355,-6142,-5929,-5716,-5503,-5290,-5077,-4864,-4651,-4438,-4225,-4012,-3799,-3586,-3373,-3160,-2947,-2734,-2521,-2308,-2095,-1882,-1669,-1456,-1243,-1030,-817,-604,-391,-178,MAX=22613
36,249,462,675,888,1101,1314,1527,1740,1953,2166,2379,2592,2805,3018,3231,3444,3657,3870,4083,4296,4509,4722,4935,5148,5361,5574,5787,6000,6213,6426,6639,6852,7065,7278,7491,7704,7917,8130,8343,8556,8769,8982,9195,9408,9621,9834,10047,10260,10473,10686,10899,11112,11325,11538,11751,11964,12177,12390,12603,12816,13029,13242,13455,13668,13881,14094,14307,14520,14733,14946,15159,15372,15585,15798,16011,16224,16437,16650,16863,17076,17289,17502,17715,17928,18141,18354,18567,18780,18993,19206,19419,19632,19845,20058,20271,20484,20697,20910,21123,21336,21549,21762,21975,22188,22401,22614,-22542,-22329,-22116,-21903,-21690,-21477,-21264,-21051,-20838,-20625,-20412,-20199,-19986,-19773,-19560,-19347,-19134,-18921,-18708,-18495,-18282,-18069,-17856,-17643,-17430,-17217,-17004,-16791,-16578,-16365,-16152,-15939,-15726,-15513,-15300,-15087,-14874,-14661,-14448,-14235,-14022,-13809,-13596,-13383,-13170,-12957,-12744,-12531,-12318,-12105,-11892,-11679,-11466,-11253,-11040,-10827,-10614,-10401,-10188,-9975,-9762,-9549,-9336,-9123,-8910,-8697,-8484,-8271,-8058,-7845,-7668,-7632,-7419,-7206,-6993,-6780,-6567,-6354,-6141,-5928,-5715,-5502,-5289,-5076,-4863,-4650,-4437,-4224,-4011,-3798,-3585,-3372,-3159,-2946,-2733,-2520,-2307,-2094,-1881,-1668,-1455,-1242,-1029,-816,-603,-390,-177,MAX=22614
37,250,463,676,889,1102,1315,1528,1741,1954,2167,2380,2593,2806,3019,3232,3445,3658,3871,4084,4297,4510,4723,4936,5149,5362,5575,5788,6001,6214,6427,6640,6853,7066,7279,7492,7705,7918,8131,8344,8557,8770,8983,9196,9409,9622,9835,10048,10261,10474,10687,10900,11113,11326,11539,11752,11965,12178,12391,12604,12817,13030,13243,13456,13669,13882,14095,14308,14521,14734,14947,15160,15373,15586,15799,16012,16225,16438,16651,16864,17077,17290,17503,17716,17929,18142,18355,18568,18781,18994,19207,19420,19633,19846,20059,20272,20485,20698,20911,21124,21337,21550,21763,21976,22189,22402,22615,-22541,-22328,-22115,-21902,-21689,-21476,-21263,-21050,-20837,-20624,-20411,-20198,-19985,-19772,-19559,-19346,-19133,-18920,-18707,-18494,-18281,-18068,-17855,-17642,-17429,-17216,-17003,-16790,-16577,-16364,-16151,-15938,-15725,-15512,-15299,-15086,-14873,-14660,-14447,-14234,-14021,-13808,-13595,-13382,-13169,-12956,-12743,-12530,-12317,-12104,-11891,-11678,-11465,-11252,-11039,-10826,-10613,-10400,-10187,-9974,-9761,-9548,-9335,-9122,-8909,-8696,-8483,-8270,-8057,-7881,-7844,-7631,-7418,-7205,-6992,-6779,-6566,-6353,-6140,-5927,-5714,-5501,-5288,-5075,-4862,-4649,-4436,-4223,-4010,-3797,-3584,-3371,-3158,-2945,-2732,-2519,-2306,-2093,-1880,-1667,-1454,-1241,-1028,-815,-602,-389,-176,MAX=22615
38,251,464,677,890,1103,1316,1529,1742,1955,2168,2381,2594,2807,3020,3233,3446,3659,3872,4085,4298,4511,4724,4937,5150,5363,5576,5789,6002,6215,6428,6641,6854,7067,7280,7493,7706,7919,8132,8345,8558,8771,8984,9197,9410,9623,9836,10049,10262,10475,10688,10901,11114,11327,11540,11753,11966,12179,12392,12605,12818,13031,13244,13457,13670,13883,14096,14309,14522,14735,14948,15161,15374,15587,15800,16013,16226,16439,16652,16865,17078,17291,17504,17717,17930,18143,18356,18569,18782,18995,19208,19421,19634,19847,20060,20273,20486,20699,20912,21125,21338,21551,21764,21977,22190,22403,22616,-22540,-22327,-22114,-21901,-21688,-21475,-21262,-21049,-20836,-20623,-20410,-20197,-19984,-19771,-19558,-19345,-19132,-18919,-18706,-18493,-18280,-18067,-17854,-17641,-17428,-17215,-17002,-16789,-16576,-16363,-16150,-15937,-15724,-15511,-15298,-15085,-14872,-14659,-14446,-14233,-14020,-13807,-13594,-13381,-13168,-12955,-12742,-12529,-12316,-12103,-11890,-11677,-11464,-11251,-11038,-10825,-10612,-10399,-10186,-9973,-9760,-9547,-9334,-9121,-8908,-8695,-8482,-8269,-8094,-8056,-7843,-7630,-7417,-7204,-6991,-6778,-6565,-6352,-6139,-5926,-5713,-5500,-5287,-5074,-4861,-4648,-4435,-4222,-4009,-3796,-3583,-3370,-3157,-2944,-2731,-2518,-2305,-2092,-1879,-1666,-1453,-1240,-1027,-814,-601,-388,-175,MAX=22616
39,252,465,678,891,1104,1317,1530,1743,1956,2169,2382,2595,2808,3021,3234,3447,3660,3873,4086,4299,4512,4725,4938,5151,5364,5577,5790,6003,6216,6429,6642,6855,7068,7281,7494,7707,7920,8133,8346,8559,8772,8985,9198,9411,9624,9837,10050,10263,10476,10689,10902,11115,11328,11541,11754,11967,12180,12393,12606,12819,13032,13245,13458,13671,13884,14097,14310,14523,14736,14949,15162,15375,15588,15801,16014,16227,16440,16653,16866,17079,17292,17505,17718,17931,18144,18357,18570,18783,18996,19209,19422,19635,19848,20061,20274,20487,20700,20913,21126,21339,21552,21765,21978,22191,22404,22617,-22539,-22326,-22113,-21900,-21687,-21474,-21261,-21048,-20835,-20622,-20409,-20196,-19983,-19770,-19557,-19344,-19131,-18918,-18705,-18492,-18279,-18066,-17853,-17640,-17427,-17214,-17001,-16788,-16575,-16362,-16149,-15936,-15723,-15510,-15297,-15084,-14871,-14658,-14445,-14232,-14019,-13806,-13593,-13380,-13167,-12954,-12741,-12528,-12315,-12102,-11889,-11676,-11463,-11250,-11037,-10824,-10611,-10398,-10185,-9972,-9759,-9546,-9333,-9120,-8907,-8694,-8481,-8307,-8268,-8055,-7842,-7629,-7416,-7203,-6990,-6777,-6564,-6351,-6138,-5925,-5712,-5499,-5286,-5073,-4860,-4647,-4434,-4221,-4008,-3795,-3582,-3369,-3156,-2943,-2730,-2517,-2304,-2091,-1878,-1665,-1452,-1239,-1026,-813,-600,-387,-174,MAX=22617
40,253,466,679,892,1105,1318,1531,1744,1957,2170,2383,2596,2809,3022,3235,3448,3661,3874,4087,4300,4513,4726,4939,5152,5365,5578,5791,6004,6217,6430,6643,6856,7069,7282,7495,7708,7921,8134,8347,8560,8773,8986,9199,9412,9625,9838,10051,10264,10477,10690,10903,11116,11329,11542,11755,11968,12181,12394,12607,12820,13033,13246,13459,13672,13885,14098,14311,14524,14737,14950,15163,15376,15589,15802,16015,16228,16441,16654,16867,17080,17293,17506,17719,17932,18145,18358,18571,18784,18997,19210,19423,19636,19849,20062,20275,20488,20701,20914,21127,21340,21553,21766,21979,22192,22405,22618,-22538,-22325,-22112,-21899,-21686,-21473,-21260,-21047,-20834,-20621,-20408,-20195,-19982,-19769,-19556,-19343,-19130,-18917,-18704,-18491,-18278,-18065,-17852,-17639,-17426,-17213,-17000,-16787,-16574,-16361,-16148,-15935,-15722,-15509,-15296,-15083,-14870,-14657,-14444,-14231,-14018,-13805,-13592,-13379,-13166,-12953,-12740,-12527,-12314,-12101,-11888,-11675,-11462,-11249,-11036,-10823,-10610,-10397,-10184,-9971,-9758,-9545,-9332,-9119,-8906,-8693,-8520,-8480,-8267,-8054,-7841,-7628,-7415,-7202,-6989,-6776,-6563,-6350,-6137,-5924,-5711,-5498,-5285,-5072,-4859,-4646,-4433,-4220,-4007,-3794,-3581,-3368,-3155,-2942,-2729,-2516,-2303,-2090,-1877,-1664,-1451,-1238,-1025,-812,-599,-386,-173,MAX=22618
41,254,467,680,893,1106,1319,1532,1745,1958,2171,2384,2597,2810,3023,3236,3449,3662,3875,4088,4301,4514,4727,4940,5153,5366,5579,5792,6005,6218,6431,6644,6857,7070,7283,7496,7709,7922,8135,8348,8561,8774,8987,9200,9413,9626,9839,10052,10265,10478,10691,10904,11117,11330,11543,11756,11969,12182,12395,12608,12821,13034,13247,13460,13673,13886,14099,14312,14525,14738,14951,15164,15377,15590,15803,16016,16229,16442,16655,16868,17081,17294,17507,17720,17933,18146,18359,18572,18785,18998,19211,19424,19637,19850,20063,20276,20489,20702,20915,21128,21341,21554,21767,21980,22193,22406,22619,-22537,-22324,-22111,-21898,-21685,-21472,-21259,-21046,-20833,-20620,-20407,-20194,-19981,-19768,-19555,-19342,-19129,-18916,-18703,-18490,-18277,-18064,-17851,-17638,-17425,-17212,-16999,-16786,-16573,-16360,-16147,-15934,-15721,-15508,-15295,-15082,-14869,-14656,-14443,-14230,-14017,-13804,-13591,-13378,-13165,-12952,-12739,-12526,-12313,-12100,-11887,-11674,-11461,-11248,-11035,-10822,-10609,-10396,-10183,-9970,-9757,-9544,-9331,-9118,-8905,-8733,-8692,-8479,-8266,-8053,-7840,-7627,-7414,-7201,-6988,-6775,-6562,-6349,-6136,-5923,-5710,-5497,-5284,-5071,-4858,-4645,-4432,-4219,-4006,-3793,-3580,-3367,-3154,-2941,-2728,-2515,-2302,-2089,-1876,-1663,-1450,-1237,-1024,-811,-598,-385,-172,MAX=22619
42,255,468,681,894,1107,1320,1533,1746,1959,2172,2385,2598,2811,3024,3237,3450,3663,3876,4089,4302,4515,4728,4941,5154,5367,5580,5793,6006,6219,6432,6645,6858,7071,7284,7497,7710,7923,8136,8349,8562,8775,8988,9201,9414,9627,9840,10053,10266,10479,10692,10905,11118,11331,11544,11757,11970,12183,12396,12609,12822,13035,13248,13461,13674,13887,14100,14313,14526,14739,14952,15165,15378,15591,15804,16017,16230,16443,16656,16869,17082,17295,17508,17721,17934,18147,18360,18573,18786,18999,19212,19425,19638,19851,20064,20277,20490,20703,20916,21129,21342,21555,21768,21981,22194,22407,22620,-22536,-22323,-22110,-21897,-21684,-21471,-21258,-21045,-20832,-20619,-20406,-20193,-19980,-19767,-19554,-19341,-19128,-18915,-18702,-18489,-18276,-18063,-17850,-17637,-17424,-17211,-16998,-16785,-16572,-16359,-16146,-15933,-15720,-15507,-15294,-15081,-14868,-14655,-14442,-14229,-14016,-13803,-13590,-13377,-13164,-12951,-12738,-12525,-12312,-12099,-11886,-11673,-11460,-11247,-11034,-10821,-10608,-10395,-10182,-9969,-9756,-9543,-9330,-9117,-8946,-8904,-8691,-8478,-8265,-8052,-7839,-7626,-7413,-7200,-6987,-6774,-6561,-6348,-6135,-5922,-5709,-5496,-5283,-5070,-4857,-4644,-4431,-4218,-4005,-3792,-3579,-3366,-3153,-2940,-2727,-2514,-2301,-2088,-1875,-1662,-1449,-1236,-1023,-810,-597,-384,-171,MAX=22620
43,256,469,682,895,1108,1321,1534,1747,1960,2173,2386,2599,2812,3025,3238,3451,3664,3877,4090,4303,4516,4729,4942,5155,5368,5581,5794,6007,6220,6433,6646,6859,7072,7285,7498,7711,7924,8137,8350,8563,8776,8989,9202,9415,9628,9841,10054,10267,10480,10693,10906,11119,11332,11545,11758,11971,12184,12397,12610,12823,13036,13249,13462,13675,13888,14101,14314,14527,14740,14953,15166,15379,15592,15805,16018,16231,16444,16657,16870,17083,17296,17509,17722,17935,18148,18361,18574,18787,19000,19213,19426,19639,19852,20065,20278,20491,20704,20917,21130,21343,21556,21769,21982,22195,22408,22621,-22535,-22322,-22109,-21896,-21683,-21470,-21257,-21044,-20831,-20618,-20405,-20192,-19979,-19766,-19553,-19340,-19127,-18914,-18701,-18488,-18275,-18062,-17849,-17636,-17423,-17210,-16997,-16784,-16571,-16358,-16145,-15932,-15719,-15506,-15293,-15080,-14867,-14654,-14441,-14228,-14015,-13802,-13589,-13376,-13163,-12950,-12737,-12524,-12311,-12098,-11885,-11672,-11459,-11246,-11033,-10820,-10607,-10394,-10181,-9968,-9755,-9542,-9329,-9159,-9116,-8903,-8690,-8477,-8264,-8051,-7838,-7625,-7412,-7199,-6986,-6773,-6560,-6347,-6134,-5921,-5708,-5495,-5282,-5069,-4856,-4643,-4430,-4217,-4004,-3791,-3578,-3365,-3152,-2939,-2726,-2513,-2300,-2087,-1874,-1661,-1448,-1235,-1022,-809,-596,-383,-170,MAX=22621
44,257,470,683,896,1109,1322,1535,1748,1961,2174,2387,2600,2813,3026,3239,3452,3665,3878,4091,4304,4517,4730,4943,5156,5369,5582,5795,6008,6221,6434,6647,6860,7073,7286,7499,7712,7925,8138,8351,8564,8777,8990,9203,9416,9629,9842,10055,10268,10481,10694,10907,11120,11333,11546,11759,11972,12185,12398,12611,12824,13037,13250,13463,13676,13889,14102,14315,14528,14741,14954,15167,15380,15593,15806,16019,16232,16445,16658,16871,17084,17297,17510,17723,17936,18149,18362,18575,18788,19001,19214,19427,19640,19853,20066,20279,20492,20705,20918,21131,21344,21557,21770,21983,22196,22409,22622,-22534,-22321,-22108,-21895,-21682,-21469,-21256,-21043,-20830,-20617,-20404,-20191,-19978,-19765,-19552,-19339,-19126,-18913,-18700,-18487,-18274,-18061,-17848,-17635,-17422,-17209,-16996,-16783,-16570,-16357,-16144,-15931,-15718,-15505,-15292,-15079,-14866,-14653,-14440,-14227,-14014,-13801,-13588,-13375,-13162,-12949,-12736,-12523,-12310,-12097,-11884,-11671,-11458,-11245,-11032,-10819,-10606,-10393,-10180,-9967,-9754,-9541,-9372,-9328,-9115,-8902,-8689,-8476,-8263,-8050,-7837,-7624,-7411,-7198,-6985,-6772,-6559,-6346,-6133,-5920,-5707,-5494,-5281,-5068,-4855,-4642,-4429,-4216,-4003,-3790,-3577,-3364,-3151,-2938,-2725,-2512,-2299,-2086,-1873,-1660,-1447,-1234,-1021,-808,-595,-382,-169,MAX=22622
45,258,471,684,897,1110,1323,1536,1749,1962,2175,2388,2601,2814,3027,3240,3453,3666,3879,4092,4305,4518,4731,4944,5157,5370,5583,5796,6009,6222,6435,6648,6861,7074,7287,7500,7713,7926,8139,8352,8565,8778,8991,9204,9417,9630,9843,10056,10269,10482,10695,10908,11121,11334,11547,11760,11973,12186,12399,12612,12825,13038,13251,13464,13677,13890,14103,14316,14529,14742,14955,15168,15381,15594,15807,16020,16233,16446,16659,16872,17085,17298,17511,17724,17937,18150,18363,18576,18789,19002,19215,19428,19641,19854,20067,20280,20493,20706,20919,21132,21345,21558,21771,21984,22197,22410,22623,-22533,-22320,-22107,-21894,-21681,-21468,-21255,-21042,-20829,-20616,-20403,-20190,-19977,-19764,-19551,-19338,-19125,-18912,-18699,-18486,-18273,-18060,-17847,-17634,-17421,-17208,-16995,-16782,-16569,-16356,-16143,-15930,-15717,-15504,-15291,-15078,-14865,-14652,-14439,-14226,-14013,-13800,-13587,-13374,-13161,-12948,-12735,-12522,-12309,-12096,-11883,-11670,-11457,-11244,-11031,-10818,-10605,-10392,-10179,-9966,-9753,-9585,-9540,-9327,-9114,-8901,-8688,-8475,-8262,-8049,-7836,-7623,-7410,-7197,-6984,-6771,-6558,-6345,-6132,-5919,-5706,-5493,-5280,-5067,-4854,-4641,-4428,-4215,-4002,-3789,-3576,-3363,-3150,-2937,-2724,-2511,-2298,-2085,-1872,-1659,-1446,-1233,-1020,-807,-594,-381,-168,MAX=22623
46,259,472,685,898,1111,1324,1537,1750,1963,2176,2389,2602,2815,3028,3241,3454,3667,3880,4093,4306,4519,4732,4945,5158,5371,5584,5797,6010,6223,6436,6649,6862,7075,7288,7501,7714,7927,8140,8353,8566,8779,8992,9205,9418,9631,9844,10057,10270,10483,10696,10909,11122,11335,11548,11761,11974,12187,12400,12613,12826,13039,13252,13465,13678,13891,14104,14317,14530,14743,14956,15169,15382,15595,15808,16021,16234,16447,16660,16873,17086,17299,17512,17725,17938,18151,18364,18577,18790,19003,19216,19429,19642,19855,20068,20281,20494,20707,20920,21133,21346,21559,21772,21985,22198,22411,22624,-22532,-22319,-22106,-21893,-21680,-21467,-21254,-21041,-20828,-20615,-20402,-20189,-19976,-19763,-19550,-19337,-19124,-18911,-18698,-18485,-18272,-18059,-17846,-17633,-17420,-17207,-16994,-16781,-16568,-16355,-16142,-15929,-15716,-15503,-15290,-15077,-14864,-14651,-14438,-14225,-14012,-13799,-13586,-13373,-13160,-12947,-12734,-12521,-12308,-12095,-11882,-11669,-11456,-11243,-11030,-10817,-10604,-10391,-10178,-9965,-9798,-9752,-9539,-9326,-9113,-8900,-8687,-8474,-8261,-8048,-7835,-7622,-7409,-7196,-6983,-6770,-6557,-6344,-6131,-5918,-5705,-5492,-5279,-5066,-4853,-4640,-4427,-4214,-4001,-3788,-3575,-3362,-3149,-2936,-2723,-2510,-2297,-2084,-1871,-1658,-1445,-1232,-1019,-806,-593,-380,-167,MAX=22624
47,260,473,686,899,1112,1325,1538,1751,1964,2177,2390,2603,2816,3029,3242,3455,3668,3881,4094,4307,4520,4733,4946,5159,5372,5585,5798,6011,6224,6437,6650,6863,7076,7289,7502,7715,7928,8141,8354,8567,8780,8993,9206,9419,9632,9845,10058,10271,10484,10697,10910,11123,11336,11549,11762,11975,12188,12401,12614,12827,13040,13253,13466,13679,13892,14105,14318,14531,14744,14957,15170,15383,15596,15809,16022,16235,16448,16661,16874,17087,17300,17513,17726,17939,18152,18365,18578,18791,19004,19217,19430,19643,19856,20069,20282,20495,20708,20921,21134,21347,21560,21773,21986,22199,22412,22625,-22531,-22318,-22105,-21892,-21679,-21466,-21253,-21040,-20827,-20614,-20401,-20188,-19975,-19762,-19549,-19336,-19123,-18910,-18697,-18484,-18271,-18058,-17845,-17632,-17419,-17206,-16993,-16780,-16567,-16354,-16141,-15928,-15715,-15502,-15289,-15076,-14863,-14650,-14437,-14224,-14011,-13798,-13585,-13372,-13159,-12946,-12733,-12520,-12307,-12094,-11881,-11668,-11455,-11242,-11029,-10816,-10603,-10390,-10177,-10011,-9964,-9751,-9538,-9325,-9112,-8899,-8686,-8473,-8260,-8047,-7834,-7621,-7408,-7195,-6982,-6769,-6556,-6343,-6130,-5917,-5704,-5491,-5278,-5065,-4852,-4639,-4426,-4213,-4000,-3787,-3574,-3361,-3148,-2935,-2722,-2509,-2296,-2083,-1870,-1657,-1444,-1231,-1018,-805,-592,-379,-166,MAX=22625
48,261,474,687,900,1113,1326,1539,1752,1965,2178,2391,2604,2817,3030,3243,3456,3669,3882,4095,4308,4521,4734,4947,5160,5373,5586,5799,6012,6225,6438,6651,6864,7077,7290,7503,7716,7929,8142,8355,8568,8781,8994,9207,9420,9633,9846,10059,10272,10485,10698,10911,11124,11337,11550,11763,11976,12189,12402,12615,12828,13041,13254,13467,13680,13893,14106,14319,14532,14745,14958,15171,15384,15597,15810,16023,16236,16449,16662,16875,17088,17301,17514,17727,17940,18153,18366,18579,18792,19005,19218,19431,19644,19857,20070,20283,20496,20709,20922,21135,21348,21561,21774,21987,22200,22413,22626,-22530,-22317,-22104,-21891,-21678,-21465,-21252,-21039,-20826,-20613,-20400,-20187,-19974,-19761,-19548,-19335,-19122,-18909,-18696,-18483,-18270,-18057,-17844,-17631,-17418,-17205,-16992,-16779,-16566,-16353,-16140,-15927,-15714,-15501,-15288,-15075,-14862,-14649,-14436,-14223,-14010,-13797,-13584,-13371,-13158,-12945,-12732,-12519,-12306,-12093,-11880,-11667,-11454,-11241,-11028,-10815,-10602,-10389,-10224,-10176,-9963,-9750,-9537,-9324,-9111,-8898,-8685,-8472,-8259,-8046,-7833,-7620,-7407,-7194,-6981,-6768,-6555,-6342,-6129,-5916,-5703,-5490,-5277,-5064,-4851,-4638,-4425,-4212,-3999,-3786,-3573,-3360,-3147,-2934,-2721,-2508,-2295,-2082,-1869,-1656,-1443,-1230,-1017,-804,-591,-378,-165,MAX=22626
49,262,475,688,901,1114,1327,1540,1753,1966,2179,2392,2605,2818,3031,3244,3457,3670,3883,4096,4309,4522,4735,4948,5161,5374,5587,5800,6013,6226,6439,6652,6865,7078,7291,7504,7717,7930,8143,8356,8569,8782,8995,9208,9421,9634,9847,10060,10273,10486,10699,10912,11125,11338,11551,11764,11977,12190,12403,12616,12829,13042,13255,13468,13681,13894,14107,14320,14533,14746,14959,15172,15385,15598,15811,16024,16237,16450,16663,16876,17089,17302,17515,17728,17941,18154,18367,18580,18793,19006,19219,19432,19645,19858,20071,20284,20497,20710,20923,21136,21349,21562,21775,21988,22201,22414,22627,-22529,-22316,-22103,-21890,-21677,-21464,-21251,-21038,-20825,-20612,-20399,-20186,-19973,-19760,-19547,-19334,-19121,-18908,-18695,-18482,-18269,-18056,-17843,-17630,-17417,-17204,-16991,-16778,-16565,-16352,-16139,-15926,-15713,-15500,-15287,-15074,-14861,-14648,-14435,-14222,-14009,-13796,-13583,-13370,-13157,-12944,-12731,-12518,-12305,-12092,-11879,-11666,-11453,-11240,-11027,-10814,-10601,-10437,-10388,-10175,-9962,-9749,-9536,-9323,-9110,-8897,-8684,-8471,-8258,-8045,-7832,-7619,-7406,-7193,-6980,-6767,-6554,-6341,-6128,-5915,-5702,-5489,-5276,-5063,-4850,-4637,-4424,-4211,-3998,-3785,-3572,-3359,-3146,-2933,-2720,-2507,-2294,-2081,-1868,-1655,-1442,-1229,-1016,-803,-590,-377,-164,MAX=22627
50,263,476,689,902,1115,1328,1541,1754,1967,2180,2393,2606,2819,3032,3245,3458,3671,3884,4097,4310,4523,4736,4949,5162,5375,5588,5801,6014,6227,6440,6653,6866,7079,7292,7505,7718,7931,8144,8357,8570,8783,8996,9209,9422,9635,9848,10061,10274,10487,10700,10913,11126,11339,11552,11765,11978,12191,12404,12617,12830,13043,13256,13469,13682,13895,14108,14321,14534,14747,14960,15173,15386,15599,15812,16025,16238,16451,16664,16877,17090,17303,17516,17729,17942,18155,18368,18581,18794,19007,19220,19433,19646,19859,20072,20285,20498,20711,20924,21137,21350,21563,21776,21989,22202,22415,22628,-22528,-22315,-22102,-21889,-21676,-21463,-21250,-21037,-20824,-20611,-20398,-20185,-19972,-19759,-19546,-19333,-19120,-18907,-18694,-18481,-18268,-18055,-17842,-17629,-17416,-17203,-16990,-16777,-16564,-16351,-16138,-15925,-15712,-15499,-15286,-15073,-14860,-14647,-14434,-14221,-14008,-13795,-13582,-13369,-13156,-12943,-12730,-12517,-12304,-12091,-11878,-11665,-11452,-11239,-11026,-10813,-10650,-10600,-10387,-10174,-9961,-9748,-9535,-9322,-9109,-8896,-8683,-8470,-8257,-8044,-7831,-7618,-7405,-7192,-6979,-6766,-6553,-6340,-6127,-5914,-5701,-5488,-5275,-5062,-4849,-4636,-4423,-4210,-3997,-3784,-3571,-3358,-3145,-2932,-2719,-2506,-2293,-2080,-1867,-1654,-1441,-1228,-1015,-802,-589,-376,-163,MAX=22628
51,264,477,690,903,1116,1329,1542,1755,1968,2181,2394,2607,2820,3033,3246,3459,3672,3885,4098,4311,4524,4737,4950,5163,5376,5589,5802,6015,6228,6441,6654,6867,7080,7293,7506,7719,7932,8145,8358,8571,8784,8997,9210,9423,9636,9849,10062,10275,10488,10701,10914,11127,11340,11553,11766,11979,12192,12405,12618,12831,13044,13257,13470,13683,13896,14109,14322,14535,14748,14961,15174,15387,15600,15813,16026,16239,16452,16665,16878,17091,17304,17517,17730,17943,18156,18369,18582,18795,19008,19221,19434,19647,19860,20073,20286,20499,20712,20925,21138,21351,21564,21777,21990,22203,22416,22629,-22527,-22314,-22101,-21888,-21675,-21462,-21249,-21036,-20823,-20610,-20397,-20184,-19971,-19758,-19545,-19332,-19119,-18906,-18693,-18480,-18267,-18054,-17841,-17628,-17415,-17202,-16989,-16776,-16563,-16350,-16137,-15924,-15711,-15498,-15285,-15072,-14859,-14646,-14433,-14220,-14007,-13794,-13581,-13368,-13155,-12942,-12729,-12516,-12303,-12090,-11877,-11664,-11451,-11238,-11025,-10863,-10812,-10599,-10386,-10173,-9960,-9747,-9534,-9321,-9108,-8895,-8682,-8469,-8256,-8043,-7830,-7617,-7404,-7191,-6978,-6765,-6552,-6339,-6126,-5913,-5700,-5487,-5274,-5061,-4848,-4635,-4422,-4209,-3996,-3783,-3570,-3357,-3144,-2931,-2718,-2505,-2292,-2079,-1866,-1653,-1440,-1227,-1014,-801,-588,-375,-162,MAX=22629
52,265,478,691,904,1117,1330,1543,1756,1969,2182,2395,2608,2821,3034,3247,3460,3673,3886,4099,4312,4525,4738,4951,5164,5377,5590,5803,6016,6229,6442,6655,6868,7081,7294,7507,7720,7933,8146,8359,8572,8785,8998,9211,9424,9637,9850,10063,10276,10489,10702,10915,11128,11341,11554,11767,11980,12193,12406,12619,12832,13045,13258,13471,13684,13897,14110,14323,14536,14749,14962,15175,15388,15601,15814,16027,16240,16453,16666,16879,17092,17305,17518,17731,17944,18157,18370,18583,18796,19009,19222,19435,19648,19861,20074,20287,20500,20713,20926,21139,21352,21565,21778,21991,22204,22417,22630,-22526,-22313,-22100,-21887,-21674,-21461,-21248,-21035,-20822,-20609,-20396,-20183,-19970,-19757,-19544,-19331,-19118,-18905,-18692,-18479,-18266,-18053,-17840,-17627,-17414,-17201,-16988,-16775,-16562,-16349,-16136,-15923,-15710,-15497,-15284,-15071,-14858,-14645,-14432,-14219,-14006,-13793,-13580,-13367,-13154,-12941,-12728,-12515,-12302,-12089,-11876,-11663,-11450,-11237,-11076,-11024,-10811,-10598,-10385,-10172,-9959,-9746,-9533,-9320,-9107,-8894,-8681,-8468,-8255,-8042,-7829,-7616,-7403,-7190,-6977,-6764,-6551,-6338,-6125,-5912,-5699,-5486,-5273,-5060,-4847,-4634,-4421,-4208,-3995,-3782,-3569,-3356,-3143,-2930,-2717,-2504,-2291,-2078,-1865,-1652,-1439,-1226,-1013,-800,-587,-374,-161,MAX=22630
53,266,479,692,905,1118,1331,1544,1757,1970,2183,2396,2609,2822,3035,3248,3461,3674,3887,4100,4313,4526,4739,4952,5165,5378,5591,5804,6017,6230,6443,6656,6869,7082,7295,7508,7721,7934,8147,8360,8573,8786,8999,9212,9425,9638,9851,10064,10277,10490,10703,10916,11129,11342,11555,11768,11981,12194,12407,12620,12833,13046,13259,13472,13685,13898,14111,14324,14537,14750,14963,15176,15389,15602,15815,16028,16241,16454,16667,16880,17093,17306,17519,17732,17945,18158,18371,18584,18797,19010,19223,19436,19649,19862,20075,20288,20501,20714,20927,21140,21353,21566,21779,21992,22205,22418,22631,-22525,-22312,-22099,-21886,-21673,-21460,-21247,-21034,-20821,-20608,-20395,-20182,-19969,-19756,-19543,-19330,-19117,-18904,-18691,-18478,-18265,-18052,-17839,-17626,-17413,-17200,-16987,-16774,-16561,-16348,-16135,-15922,-15709,-15496,-15283,-15070,-14857,-14644,-14431,-14218,-14005,-13792,-13579,-13366,-13153,-12940,-12727,-12514,-12301,-12088,-11875,-11662,-11449,-11289,-11236,-11023,-10810,-10597,-10384,-10171,-9958,-9745,-9532,-9319,-9106,-8893,-8680,-8467,-8254,-8041,-7828,-7615,-7402,-7189,-6976,-6763,-6550,-6337,-6124,-5911,-5698,-5485,-5272,-5059,-4846,-4633,-4420,-4207,-3994,-3781,-3568,-3355,-3142,-2929,-2716,-2503,-2290,-2077,-1864,-1651,-1438,-1225,-1012,-799,-586,-373,-160,MAX=22631
54,267,480,693,906,1119,1332,1545,1758,1971,2184,2397,2610,2823,3036,3249,3462,3675,3888,4101,4314,4527,4740,4953,5166,5379,5592,5805,6018,6231,6444,6657,6870,7083,7296,7509,7722,7935,8148,8361,8574,8787,9000,9213,9426,9639,9852,10065,10278,10491,10704,10917,11130,11343,11556,11769,11982,12195,12408,12621,12834,13047,13260,13473,13686,13899,14112,14325,14538,14751,14964,15177,15390,15603,15816,16029,16242,16455,16668,16881,17094,17307,17520,17733,17946,18159,18372,18585,18798,19011,19224,19437,19650,19863,20076,20289,20502,20715,20928,21141,21354,21567,21780,21993,22206,22419,22632,-22524,-22311,-22098,-21885,-21672,-21459,-21246,-21033,-20820,-20607,-20394,-20181,-19968,-19755,-19542,-19329,-19116,-18903,-18690,-18477,-18264,-18051,-17838,-17625,-17412,-17199,-16986,-16773,-16560,-16347,-16134,-15921,-15708,-15495,-15282,-15069,-14856,-14643,-14430,-14217,-14004,-13791,-13578,-13365,-13152,-12939,-12726,-12513,-12300,-12087,-11874,-11661,-11502,-11448,-11235,-11022,-10809,-10596,-10383,-10170,-9957,-9744,-9531,-9318,-9105,-8892,-8679,-8466,-8253,-8040,-7827,-7614,-7401,-7188,-6975,-6762,-6549,-6336,-6123,-5910,-5697,-5484,-5271,-5058,-4845,-4632,-4419,-4206,-3993,-3780,-3567,-3354,-3141,-2928,-2715,-2502,-2289,-2076,-1863,-1650,-1437,-1224,-1011,-798,-585,-372,-159,MAX=22632
55,268,481,694,907,1120,1333,1546,1759,1972,2185,2398,2611,2824,3037,3250,3463,3676,3889,4102,4315,4528,4741,4954,5167,5380,5593,5806,6019,6232,6445,6658,6871,7084,7297,7510,7723,7936,8149,8362,8575,8788,9001,9214,9427,9640,9853,10066,10279,10492,10705,10918,11131,11344,11557,11770,11983,12196,12409,12622,12835,13048,13261,13474,13687,13900,14113,14326,14539,14752,14965,15178,15391,15604,15817,16030,16243,16456,16669,16882,17095,17308,17521,17734,17947,18160,18373,18586,18799,19012,19225,19438,19651,19864,20077,20290,20503,20716,20929,21142,21355,21568,21781,21994,22207,22420,22633,-22523,-22310,-22097,-21884,-21671,-21458,-21245,-21032,-20819,-20606,-20393,-20180,-19967,-19754,-19541,-19328,-19115,-18902,-18689,-18476,-18263,-18050,-17837,-17624,-17411,-17198,-16985,-16772,-16559,-16346,-16133,-15920,-15707,-15494,-15281,-15068,-14855,-14642,-14429,-14216,-14003,-13790,-13577,-13364,-13151,-12938,-12725,-12512,-12299,-12086,-11873,-11715,-11660,-11447,-11234,-11021,-10808,-10595,-10382,-10169,-9956,-9743,-9530,-9317,-9104,-8891,-8678,-8465,-8252,-8039,-7826,-7613,-7400,-7187,-6974,-6761,-6548,-6335,-6122,-5909,-5696,-5483,-5270,-5057,-4844,-4631,-4418,-4205,-3992,-3779,-3566,-3353,-3140,-2927,-2714,-2501,-2288,-2075,-1862,-1649,-1436,-1223,-1010,-797,-584,-371,-158,MAX=22633
56,269,482,695,908,1121,1334,1547,1760,1973,2186,2399,2612,2825,3038,3251,3464,3677,3890,4103,4316,4529,4742,4955,5168,5381,5594,5807,6020,6233,6446,6659,6872,7085,7298,7511,7724,7937,8150,8363,8576,8789,9002,9215,9428,9641,9854,10067,10280,10493,10706,10919,11132,11345,11558,11771,11984,12197,12410,12623,12836,13049,13262,13475,13688,13901,14114,14327,14540,14753,14966,15179,15392,15605,15818,16031,16244,16457,16670,16883,17096,17309,17522,17735,17948,18161,18374,18587,18800,19013,19226,19439,19652,19865,20078,20291,20504,20717,20930,21143,21356,21569,21782,21995,22208,22421,22634,-22522,-22309,-22096,-21883,-21670,-21457,-21244,-21031,-20818,-20605,-20392,-20179,-19966,-19753,-19540,-19327,-19114,-18901,-18688,-18475,-18262,-18049,-17836,-17623,-17410,-17197,-16984,-16771,-16558,-16345,-16132,-15919,-15706,-15493,-15280,-15067,-14854,-14641,-14428,-14215,-14002,-13789,-13576,-13363,-13150,-12937,-12724,-12511,-12298,-12085,-11928,-11872,-11659,-11446,-11233,-11020,-10807,-10594,-10381,-10168,-9955,-9742,-9529,-9316,-9103,-8890,-8677,-8464,-8251,-8038,-7825,-7612,-7399,-7186,-6973,-6760,-6547,-6334,-6121,-5908,-5695,-5482,-5269,-5056,-4843,-4630,-4417,-4204,-3991,-3778,-3565,-3352,-3139,-2926,-2713,-2500,-2287,-2074,-1861,-1648,-1435,-1222,-1009,-796,-583,-370,-157,MAX=22634
57,270,483,696,909,1122,1335,1548,1761,1974,2187,2400,2613,2826,3039,3252,3465,3678,3891,4104,4317,4530,4743,4956,5169,5382,5595,5808,6021,6234,6447,6660,6873,7086,7299,7512,7725,7938,8151,8364,8577,8790,9003,9216,9429,9642,9855,10068,10281,10494,10707,10920,11133,11346,11559,11772,11985,12198,12411,12624,12837,13050,13263,13476,13689,13902,14115,14328,14541,14754,14967,15180,15393,15606,15819,16032,16245,16458,16671,16884,17097,17310,17523,17736,17949,18162,18375,18588,18801,19014,19227,19440,19653,19866,20079,20292,20505,20718,20931,21144,21357,21570,21783,21996,22209,22422,22635,-22521,-22308,-22095,-21882,-21669,-21456,-21243,-21030,-20817,-20604,-20391,-20178,-19965,-19752,-19539,-19326,-19113,-18900,-18687,-18474,-18261,-18048,-17835,-17622,-17409,-17196,-16983,-16770,-16557,-16344,-16131,-15918,-15705,-15492,-15279,-15066,-14853,-14640,-14427,-14214,-14001,-13788,-13575,-13362,-13149,-12936,-12723,-12510,-12297,-12141,-12084,-11871,-11658,-11445,-11232,-11019,-10806,-10593,-10380,-10167,-9954,-9741,-9528,-9315,-9102,-8889,-8676,-8463,-8250,-8037,-7824,-7611,-7398,-7185,-6972,-6759,-6546,-6333,-6120,-5907,-5694,-5481,-5268,-5055,-4842,-4629,-4416,-4203,-3990,-3777,-3564,-3351,-3138,-2925,-2712,-2499,-2286,-2073,-1860,-1647,-1434,-1221,-1008,-795,-582,-369,-156,MAX=22635
58,271,484,697,910,1123,1336,1549,1762,1975,2188,2401,2614,2827,3040,3253,3466,3679,3892,4105,4318,4531,4744,4957,5170,5383,5596,5809,6022,6235,6448,6661,6874,7087,7300,7513,7726,7939,8152,8365,8578,8791,9004,9217,9430,9643,9856,10069,10282,10495,10708,10921,11134,11347,11560,11773,11986,12199,12412,12625,12838,13051,13264,13477,13690,13903,14116,14329,14542,14755,14968,15181,15394,15607,15820,16033,16246,16459,16672,16885,17098,17311,17524,17737,17950,18163,18376,18589,18802,19015,19228,19441,19654,19867,20080,20293,20506,20719,20932,21145,21358,21571,21784,21997,22210,22423,22636,-22520,-22307,-22094,-21881,-21668,-21455,-21242,-21029,-20816,-20603,-20390,-20177,-19964,-19751,-19538,-19325,-19112,-18899,-18686,-18473,-18260,-18047,-17834,-17621,-17408,-17195,-16982,-16769,-16556,-16343,-16130,-15917,-15704,-15491,-15278,-15065,-14852,-14639,-14426,-14213,-14000,-13787,-13574,-13361,-13148,-12935,-12722,-12509,-12354,-12296,-12083,-11870,-11657,-11444,-11231,-11018,-10805,-10592,-10379,-10166,-9953,-9740,-9527,-9314,-9101,-8888,-8675,-8462,-8249,-8036,-7823,-7610,-7397,-7184,-6971,-6758,-6545,-6332,-6119,-5906,-5693,-5480,-5267,-5054,-4841,-4628,-4415,-4202,-3989,-3776,-3563,-3350,-3137,-2924,-2711,-2498,-2285,-2072,-1859,-1646,-1433,-1220,-1007,-794,-581,-368,-155,MAX=22636
59,272,485,698,911,1124,1337,1550,1763,1976,2189,2402,2615,2828,3041,3254,3467,3680,3893,4106,4319,4532,4745,4958,5171,5384,5597,5810,6023,6236,6449,6662,6875,7088,7301,7514,7727,7940,8153,8366,8579,8792,9005,9218,9431,9644,9857,10070,10283,10496,10709,10922,11135,11348,11561,11774,11987,12200,12413,12626,12839,13052,13265,13478,13691,13904,14117,14330,14543,14756,14969,15182,15395,15608,15821,16034,16247,16460,16673,16886,17099,17312,17525,17738,17951,18164,18377,18590,18803,19016,19229,19442,19655,19868,20081,20294,20507,20720,20933,21146,21359,21572,21785,21998,22211,22424,22637,-22519,-22306,-22093,-21880,-21667,-21454,-21241,-21028,-20815,-20602,-20389,-20176,-19963,-19750,-19537,-19324,-19111,-18898,-18685,-18472,-18259,-18046,-17833,-17620,-17407,-17194,-16981,-16768,-16555,-16342,-16129,-15916,-15703,-15490,-15277,-15064,-14851,-14638,-14425,-14212,-13999,-13786,-13573,-13360,-13147,-12934,-12721,-12567,-12508,-12295,-12082,-11869,-11656,-11443,-11230,-11017,-10804,-10591,-10378,-10165,-9952,-9739,-9526,-9313,-9100,-8887,-8674,-8461,-8248,-8035,-7822,-7609,-7396,-7183,-6970,-6757,-6544,-6331,-6118,-5905,-5692,-5479,-5266,-5053,-4840,-4627,-4414,-4201,-3988,-3775,-3562,-3349,-3136,-2923,-2710,-2497,-2284,-2071,-1858,-1645,-1432,-1219,-1006,-793,-580,-367,-154,MAX=22637
60,273,486,699,912,1125,1338,1551,1764,1977,2190,2403,2616,2829,3042,3255,3468,3681,3894,4107,4320,4533,4746,4959,5172,5385,5598,5811,6024,6237,6450,6663,6876,7089,7302,7515,7728,7941,8154,8367,8580,8793,9006,9219,9432,9645,9858,10071,10284,10497,10710,10923,11136,11349,11562,11775,11988,12201,12414,12627,12840,13053,13266,13479,13692,13905,14118,14331,14544,14757,14970,15183,15396,15609,15822,16035,16248,16461,16674,16887,17100,17313,17526,17739,17952,18165,18378,18591,18804,19017,19230,19443,19656,19869,20082,20295,20508,20721,20934,21147,21360,21573,21786,21999,22212,22425,22638,-22518,-22305,-22092,-21879,-21666,-21453,-21240,-21027,-20814,-20601,-20388,-20175,-19962,-19749,-19536,-19323,-19110,-18897,-18684,-18471,-18258,-18045,-17832,-17619,-17406,-17193,-16980,-16767,-16554,-16341,-16128,-15915,-15702,-15489,-15276,-15063,-14850,-14637,-14424,-14211,-13998,-13785,-13572,-13359,-13146,-12933,-12780,-12720,-12507,-12294,-12081,-11868,-11655,-11442,-11229,-11016,-10803,-10590,-10377,-10164,-9951,-9738,-9525,-9312,-9099,-8886,-8673,-8460,-8247,-8034,-7821,-7608,-7395,-7182,-6969,-6756,-6543,-6330,-6117,-5904,-5691,-5478,-5265,-5052,-4839,-4626,-4413,-4200,-3987,-3774,-3561,-3348,-3135,-2922,-2709,-2496,-2283,-2070,-1857,-1644,-1431,-1218,-1005,-792,-579,-366,-153,MAX=22638
61,274,487,700,913,1126,1339,1552,1765,1978,2191,2404,2617,2830,3043,3256,3469,3682,3895,4108,4321,4534,4747,4960,5173,5386,5599,5812,6025,6238,6451,6664,6877,7090,7303,7516,7729,7942,8155,8368,8581,8794,9007,9220,9433,9646,9859,10072,10285,10498,10711,10924,11137,11350,11563,11776,11989,12202,12415,12628,12841,13054,13267,13480,13693,13906,14119,14332,14545,14758,14971,15184,15397,15610,15823,16036,16249,16462,16675,16888,17101,17314,17527,17740,17953,18166,18379,18592,18805,19018,19231,19444,19657,19870,20083,20296,20509,20722,20935,21148,21361,21574,21787,22000,22213,22426,22639,-22517,-22304,-22091,-21878,-21665,-21452,-21239,-21026,-20813,-20600,-20387,-20174,-19961,-19748,-19535,-19322,-19109,-18896,-18683,-18470,-18257,-18044,-17831,-17618,-17405,-17192,-16979,-16766,-16553,-16340,-16127,-15914,-15701,-15488,-15275,-15062,-14849,-14636,-14423,-14210,-13997,-13784,-13571,-13358,-13145,-12993,-12932,-12719,-12506,-12293,-12080,-11867,-11654,-11441,-11228,-11015,-10802,-10589,-10376,-10163,-9950,-9737,-9524,-9311,-9098,-8885,-8672,-8459,-8246,-8033,-7820,-7607,-7394,-7181,-6968,-6755,-6542,-6329,-6116,-5903,-5690,-5477,-5264,-5051,-4838,-4625,-4412,-4199,-3986,-3773,-3560,-3347,-3134,-2921,-2708,-2495,-2282,-2069,-1856,-1643,-1430,-1217,-1004,-791,-578,-365,-152,MAX=22639
62,275,488,701,914,1127,1340,1553,1766,1979,2192,2405,2618,2831,3044,3257,3470,3683,3896,4109,4322,4535,4748,4961,5174,5387,5600,5813,6026,6239,6452,6665,6878,7091,7304,7517,7730,7943,8156,8369,8582,8795,9008,9221,9434,9647,9860,10073,10286,10499,10712,10925,11138,11351,11564,11777,11990,12203,12416,12629,12842,13055,13268,13481,13694,13907,14120,14333,14546,14759,14972,15185,15398,15611,15824,16037,16250,16463,16676,16889,17102,17315,17528,17741,17954,18167,18380,18593,18806,19019,19232,19445,19658,19871,20084,20297,20510,20723,20936,21149,21362,21575,21788,22001,22214,22427,22640,-22516,-22303,-22090,-21877,-21664,-21451,-21238,-21025,-20812,-20599,-20386,-20173,-19960,-19747,-19534,-19321,-19108,-18895,-18682,-18469,-18256,-18043,-17830,-17617,-17404,-17191,-16978,-16765,-16552,-16339,-16126,-15913,-15700,-15487,-15274,-15061,-14848,-14635,-14422,-14209,-13996,-13783,-13570,-13357,-13206,-13144,-12931,-12718,-12505,-12292,-12079,-11866,-11653,-11440,-11227,-11014,-10801,-10588,-10375,-10162,-9949,-9736,-9523,-9310,-9097,-8884,-8671,-8458,-8245,-8032,-7819,-7606,-7393,-7180,-6967,-6754,-6541,-6328,-6115,-5902,-5689,-5476,-5263,-5050,-4837,-4624,-4411,-4198,-3985,-3772,-3559,-3346,-3133,-2920,-2707,-2494,-2281,-2068,-1855,-1642,-1429,-1216,-1003,-790,-577,-364,-151,MAX=22640
63,276,489,702,915,1128,1341,1554,1767,1980,2193,2406,2619,2832,3045,3258,3471,3684,3897,4110,4323,4536,4749,4962,5175,5388,5601,5814,6027,6240,6453,6666,6879,7092,7305,7518,7731,7944,8157,8370,8583,8796,9009,9222,9435,9648,9861,10074,10287,10500,10713,10926,11139,11352,11565,11778,11991,12204,12417,12630,12843,13056,13269,13482,13695,13908,14121,14334,14547,14760,14973,15186,15399,15612,15825,16038,16251,16464,16677,16890,17103,17316,17529,17742,17955,18168,18381,18594,18807,19020,19233,19446,19659,19872,20085,20298,20511,20724,20937,21150,21363,21576,21789,22002,22215,22428,22641,-22515,-22302,-22089,-21876,-21663,-21450,-21237,-21024,-20811,-20598,-20385,-20172,-19959,-19746,-19533,-19320,-19107,-18894,-18681,-18468,-18255,-18042,-17829,-17616,-17403,-17190,-16977,-16764,-16551,-16338,-16125,-15912,-15699,-15486,-15273,-15060,-14847,-14634,-14421,-14208,-13995,-13782,-13569,-13419,-13356,-13143,-12930,-12717,-12504,-12291,-12078,-11865,-11652,-11439,-11226,-11013,-10800,-10587,-10374,-10161,-9948,-9735,-9522,-9309,-9096,-8883,-8670,-8457,-8244,-8031,-7818,-7605,-7392,-7179,-6966,-6753,-6540,-6327,-6114,-5901,-5688,-5475,-5262,-5049,-4836,-4623,-4410,-4197,-3984,-3771,-3558,-3345,-3132,-2919,-2706,-2493,-2280,-2067,-1854,-1641,-1428,-1215,-1002,-789,-576,-363,-150,MAX=22641
64,277,490,703,916,1129,1342,1555,1768,1981,2194,2407,2620,2833,3046,3259,3472,3685,3898,4111,4324,4537,4750,4963,5176,5389,5602,5815,6028,6241,6454,6667,6880,7093,7306,7519,7732,7945,8158,8371,8584,8797,9010,9223,9436,9649,9862,10075,10288,10501,10714,10927,11140,11353,11566,11779,11992,12205,12418,12631,12844,13057,13270,13483,13696,13909,14122,14335,14548,14761,14974,15187,15400,15613,15826,16039,16252,16465,16678,16891,17104,17317,17530,17743,17956,18169,18382,18595,18808,19021,19234,19447,19660,19873,20086,20299,20512,20725,20938,21151,21364,21577,21790,22003,22216,22429,22642,-22514,-22301,-22088,-21875,-21662,-21449,-21236,-21023,-20810,-20597,-20384,-20171,-19958,-19745,-19532,-19319,-19106,-18893,-18680,-18467,-18254,-18041,-17828,-17615,-17402,-17189,-16976,-16763,-16550,-16337,-16124,-15911,-15698,-15485,-15272,-15059,-14846,-14633,-14420,-14207,-13994,-13781,-13632,-13568,-13355,-13142,-12929,-12716,-12503,-12290,-12077,-11864,-11651,-11438,-11225,-11012,-10799,-10586,-10373,-10160,-9947,-9734,-9521,-9308,-9095,-8882,-8669,-8456,-8243,-8030,-7817,-7604,-7391,-7178,-6965,-6752,-6539,-6326,-6113,-5900,-5687,-5474,-5261,-5048,-4835,-4622,-4409,-4196,-3983,-3770,-3557,-3344,-3131,-2918,-2705,-2492,-2279,-2066,-1853,-1640,-1427,-1214,-1001,-788,-575,-362,-149,MAX=22642
65,278,491,704,917,1130,1343,1556,1769,1982,2195,2408,2621,2834,3047,3260,3473,3686,3899,4112,4325,4538,4751,4964,5177,5390,5603,5816,6029,6242,6455,6668,6881,7094,7307,7520,7733,7946,8159,8372,8585,8798,9011,9224,9437,9650,9863,10076,10289,10502,10715,10928,11141,11354,11567,11780,11993,12206,12419,12632,12845,13058,13271,13484,13697,13910,14123,14336,14549,14762,14975,15188,15401,15614,15827,16040,16253,16466,16679,16892,17105,17318,17531,17744,17957,18170,18383,18596,18809,19022,19235,19448,19661,19874,20087,20300,20513,20726,20939,21152,21365,21578,21791,22004,22217,22430,22643,-22513,-22300,-22087,-21874,-21661,-21448,-21235,-21022,-20809,-20596,-20383,-20170,-19957,-19744,-19531,-19318,-19105,-18892,-18679,-18466,-18253,-18040,-17827,-17614,-17401,-17188,-16975,-16762,-16549,-16336,-16123,-15910,-15697,-15484,-15271,-15058,-14845,-14632,-14419,-14206,-13993,-13845,-13780,-13567,-13354,-13141,-12928,-12715,-12502,-12289,-12076,-11863,-11650,-11437,-11224,-11011,-10798,-10585,-10372,-10159,-9946,-9733,-9520,-9307,-9094,-8881,-8668,-8455,-8242,-8029,-7816,-7603,-7390,-7177,-6964,-6751,-6538,-6325,-6112,-5899,-5686,-5473,-5260,-5047,-4834,-4621,-4408,-4195,-3982,-3769,-3556,-3343,-3130,-2917,-2704,-2491,-2278,-2065,-1852,-1639,-1426,-1213,-1000,-787,-574,-361,-148,MAX=22643
66,279,492,705,918,1131,1344,1557,1770,1983,2196,2409,2622,2835,3048,3261,3474,3687,3900,4113,4326,4539,4752,4965,5178,5391,5604,5817,6030,6243,6456,6669,6882,7095,7308,7521,7734,7947,8160,8373,8586,8799,9012,9225,9438,9651,9864,10077,10290,10503,10716,10929,11142,11355,11568,11781,11994,12207,12420,12633,12846,13059,13272,13485,13698,13911,14124,14337,14550,14763,14976,15189,15402,15615,15828,16041,16254,16467,16680,16893,17106,17319,17532,17745,17958,18171,18384,18597,18810,19023,19236,19449,19662,19875,20088,20301,20514,20727,20940,21153,21366,21579,21792,22005,22218,22431,22644,-22512,-22299,-22086,-21873,-21660,-21447,-21234,-21021,-20808,-20595,-20382,-20169,-19956,-19743,-19530,-19317,-19104,-18891,-18678,-18465,-18252,-18039,-17826,-17613,-17400,-17187,-16974,-16761,-16548,-16335,-16122,-15909,-15696,-15483,-15270,-15057,-14844,-14631,-14418,-14205,-14058,-13992,-13779,-13566,-13353,-13140,-12927,-12714,-12501,-12288,-12075,-11862,-11649,-11436,-11223,-11010,-10797,-10584,-10371,-10158,-9945,-9732,-9519,-9306,-9093,-8880,-8667,-8454,-8241,-8028,-7815,-7602,-7389,-7176,-6963,-6750,-6537,-6324,-6111,-5898,-5685,-5472,-5259,-5046,-4833,-4620,-4407,-4194,-3981,-3768,-3555,-3342,-3129,-2916,-2703,-2490,-2277,-2064,-1851,-1638,-1425,-1212,-999,-786,-573,-360,-147,MAX=22644
67,280,493,706,919,1132,1345,1558,1771,1984,2197,2410,2623,2836,3049,3262,3475,3688,3901,4114,4327,4540,4753,4966,5179,5392,5605,5818,6031,6244,6457,6670,6883,7096,7309,7522,7735,7948,8161,8374,8587,8800,9013,9226,9439,9652,9865,10078,10291,10504,10717,10930,11143,11356,11569,11782,11995,12208,12421,12634,12847,13060,13273,13486,13699,13912,14125,14338,14551,14764,14977,15190,15403,15616,15829,16042,16255,16468,16681,16894,17107,17320,17533,17746,17959,18172,18385,18598,18811,19024,19237,19450,19663,19876,20089,20302,20515,20728,20941,21154,21367,21580,21793,22006,22219,22432,22645,-22511,-22298,-22085,-21872,-21659,-21446,-21233,-21020,-20807,-20594,-20381,-20168,-19955,-19742,-19529,-19316,-19103,-18890,-18677,-18464,-18251,-18038,-17825,-17612,-17399,-17186,-16973,-16760,-16547,-16334,-16121,-15908,-15695,-15482,-15269,-15056,-14843,-14630,-14417,-14271,-14204,-13991,-13778,-13565,-13352,-13139,-12926,-12713,-12500,-12287,-12074,-11861,-11648,-11435,-11222,-11009,-10796,-10583,-10370,-10157,-9944,-9731,-9518,-9305,-9092,-8879,-8666,-8453,-8240,-8027,-7814,-7601,-7388,-7175,-6962,-6749,-6536,-6323,-6110,-5897,-5684,-5471,-5258,-5045,-4832,-4619,-4406,-4193,-3980,-3767,-3554,-3341,-3128,-2915,-2702,-2489,-2276,-2063,-1850,-1637,-1424,-1211,-998,-785,-572,-359,-146,MAX=22645
68,281,494,707,920,1133,1346,1559,1772,1985,2198,2411,2624,2837,3050,3263,3476,3689,3902,4115,4328,4541,4754,4967,5180,5393,5606,5819,6032,6245,6458,6671,6884,7097,7310,7523,7736,7949,8162,8375,8588,8801,9014,9227,9440,9653,9866,10079,10292,10505,10718,10931,11144,11357,11570,11783,11996,12209,12422,12635,12848,13061,13274,13487,13700,13913,14126,14339,14552,14765,14978,15191,15404,15617,15830,16043,16256,16469,16682,16895,17108,17321,17534,17747,17960,18173,18386,18599,18812,19025,19238,19451,19664,19877,20090,20303,20516,20729,20942,21155,21368,21581,21794,22007,22220,22433,22646,-22510,-22297,-22084,-21871,-21658,-21445,-21232,-21019,-20806,-20593,-20380,-20167,-19954,-19741,-19528,-19315,-19102,-18889,-18676,-18463,-18250,-18037,-17824,-17611,-17398,-17185,-16972,-16759,-16546,-16333,-16120,-15907,-15694,-15481,-15268,-15055,-14842,-14629,-14484,-14416,-14203,-13990,-13777,-13564,-13351,-13138,-12925,-12712,-12499,-12286,-12073,-11860,-11647,-11434,-11221,-11008,-10795,-10582,-10369,-10156,-9943,-9730,-9517,-9304,-9091,-8878,-8665,-8452,-8239,-8026,-7813,-7600,-7387,-7174,-6961,-6748,-6535,-6322,-6109,-5896,-5683,-5470,-5257,-5044,-4831,-4618,-4405,-4192,-3979,-3766,-3553,-3340,-3127,-2914,-2701,-2488,-2275,-2062,-1849,-1636,-1423,-1210,-997,-784,-571,-358,-145,MAX=22646
69,282,495,708,921,1134,1347,1560,1773,1986,2199,2412,2625,2838,3051,3264,3477,3690,3903,4116,4329,4542,4755,4968,5181,5394,5607,5820,6033,6246,6459,6672,6885,7098,7311,7524,7737,7950,8163,8376,8589,8802,9015,9228,9441,9654,9867,10080,10293,10506,10719,10932,11145,11358,11571,11784,11997,12210,12423,12636,12849,13062,13275,13488,13701,13914,14127,14340,14553,14766,14979,15192,15405,15618,15831,16044,16257,16470,16683,16896,17109,17322,17535,17748,17961,18174,18387,18600,18813,19026,19239,19452,19665,19878,20091,20304,20517,20730,20943,21156,21369,21582,21795,22008,22221,22434,22647,-22509,-22296,-22083,-21870,-21657,-21444,-21231,-21018,-20805,-20592,-20379,-20166,-19953,-19740,-19527,-19314,-19101,-18888,-18675,-18462,-18249,-18036,-17823,-17610,-17397,-17184,-16971,-16758,-16545,-16332,-16119,-15906,-15693,-15480,-15267,-15054,-14841,-14697,-14628,-14415,-14202,-13989,-13776,-13563,-13350,-13137,-12924,-12711,-12498,-12285,-12072,-11859,-11646,-11433,-11220,-11007,-10794,-10581,-10368,-10155,-9942,-9729,-9516,-9303,-9090,-8877,-8664,-8451,-8238,-8025,-7812,-7599,-7386,-7173,-6960,-6747,-6534,-6321,-6108,-5895,-5682,-5469,-5256,-5043,-4830,-4617,-4404,-4191,-3978,-3765,-3552,-3339,-3126,-2913,-2700,-2487,-2274,-2061,-1848,-1635,-1422,-1209,-996,-783,-570,-357,-144,MAX=22647
70,283,496,709,922,1135,1348,1561,1774,1987,2200,2413,2626,2839,3052,3265,3478,3691,3904,4117,4330,4543,4756,4969,5182,5395,5608,5821,6034,6247,6460,6673,6886,7099,7312,7525,7738,7951,8164,8377,8590,8803,9016,9229,9442,9655,9868,10081,10294,10507,10720,10933,11146,11359,11572,11785,11998,12211,12424,12637,12850,13063,13276,13489,13702,13915,14128,14341,14554,14767,14980,15193,15406,15619,15832,16045,16258,16471,16684,16897,17110,17323,17536,17749,17962,18175,18388,18601,18814,19027,19240,19453,19666,19879,20092,20305,20518,20731,20944,21157,21370,21583,21796,22009,22222,22435,22648,-22508,-22295,-22082,-21869,-21656,-21443,-21230,-21017,-20804,-20591,-20378,-20165,-19952,-19739,-19526,-19313,-19100,-18887,-18674,-18461,-18248,-18035,-17822,-17609,-17396,-17183,-16970,-16757,-16544,-16331,-16118,-15905,-15692,-15479,-15266,-15053,-14910,-14840,-14627,-14414,-14201,-13988,-13775,-13562,-13349,-13136,-12923,-12710,-12497,-12284,-12071,-11858,-11645,-11432,-11219,-11006,-10793,-10580,-10367,-10154,-9941,-9728,-9515,-9302,-9089,-8876,-8663,-8450,-8237,-8024,-7811,-7598,-7385,-7172,-6959,-6746,-6533,-6320,-6107,-5894,-5681,-5468,-5255,-5042,-4829,-4616,-4403,-4190,-3977,-3764,-3551,-3338,-3125,-2912,-2699,-2486,-2273,-2060,-1847,-1634,-1421,-1208,-995,-782,-569,-356,-143,MAX=22648
71,284,497,710,923,1136,1349,1562,1775,1988,2201,2414,2627,2840,3053,3266,3479,3692,3905,4118,4331,4544,4757,4970,5183,5396,5609,5822,6035,6248,6461,6674,6887,7100,7313,7526,7739,7952,8165,8378,8591,8804,9017,9230,9443,9656,9869,10082,10295,10508,10721,10934,11147,11360,11573,11786,11999,12212,12425,12638,12851,13064,13277,13490,13703,13916,14129,14342,14555,14768,14981,15194,15407,15620,15833,16046,16259,16472,16685,16898,17111,17324,17537,17750,17963,18176,18389,18602,18815,19028,19241,19454,19667,19880,20093,20306,20519,20732,20945,21158,21371,21584,21797,22010,22223,22436,22649,-22507,-22294,-22081,-21868,-21655,-21442,-21229,-21016,-20803,-20590,-20377,-20164,-19951,-19738,-19525,-19312,-19099,-18886,-18673,-18460,-18247,-18034,-17821,-17608,-17395,-17182,-16969,-16756,-16543,-16330,-16117,-15904,-15691,-15478,-15265,-15123,-15052,-14839,-14626,-14413,-14200,-13987,-13774,-13561,-13348,-13135,-12922,-12709,-12496,-12283,-12070,-11857,-11644,-11431,-11218,-11005,-10792,-10579,-10366,-10153,-9940,-9727,-9514,-9301,-9088,-8875,-8662,-8449,-8236,-8023,-7810,-7597,-7384,-7171,-6958,-6745,-6532,-6319,-6106,-5893,-5680,-5467,-5254,-5041,-4828,-4615,-4402,-4189,-3976,-3763,-3550,-3337,-3124,-2911,-2698,-2485,-2272,-2059,-1846,-1633,-1420,-1207,-994,-781,-568,-355,-142,MAX=22649
72,285,498,711,924,1137,1350,1563,1776,1989,2202,2415,2628,2841,3054,3267,3480,3693,3906,4119,4332,4545,4758,4971,5184,5397,5610,5823,6036,6249,6462,6675,6888,7101,7314,7527,7740,7953,8166,8379,8592,8805,9018,9231,9444,9657,9870,10083,10296,10509,10722,10935,11148,11361,11574,11787,12000,12213,12426,12639,12852,13065,13278,13491,13704,13917,14130,14343,14556,14769,14982,15195,15408,15621,15834,16047,16260,16473,16686,16899,17112,17325,17538,17751,17964,18177,18390,18603,18816,19029,19242,19455,19668,19881,20094,20307,20520,20733,20946,21159,21372,21585,21798,22011,22224,22437,22650,-22506,-22293,-22080,-21867,-21654,-21441,-21228,-21015,-20802,-20589,-20376,-20163,-19950,-19737,-19524,-19311,-19098,-18885,-18672,-18459,-18246,-18033,-17820,-17607,-17394,-17181,-16968,-16755,-16542,-16329,-16116,-15903,-15690,-15477,-15336,-15264,-15051,-14838,-14625,-14412,-14199,-13986,-13773,-13560,-13347,-13134,-12921,-12708,-12495,-12282,-12069,-11856,-11643,-11430,-11217,-11004,-10791,-10578,-10365,-10152,-9939,-9726,-9513,-9300,-9087,-8874,-8661,-8448,-8235,-8022,-7809,-7596,-7383,-7170,-6957,-6744,-6531,-6318,-6105,-5892,-5679,-5466,-5253,-5040,-4827,-4614,-4401,-4188,-3975,-3762,-3549,-3336,-3123,-2910,-2697,-2484,-2271,-2058,-1845,-1632,-1419,-1206,-993,-780,-567,-354,-141,MAX=22650
73,286,499,712,925,1138,1351,1564,1777,1990,2203,2416,2629,2842,3055,3268,3481,3694,3907,4120,4333,4546,4759,4972,5185,5398,5611,5824,6037,6250,6463,6676,6889,7102,7315,7528,7741,7954,8167,8380,8593,8806,9019,9232,9445,9658,9871,10084,10297,10510,10723,10936,11149,11362,11575,11788,12001,12214,12427,12640,12853,13066,13279,13492,13705,13918,14131,14344,14557,14770,14983,15196,15409,15622,15835,16048,16261,16474,16687,16900,17113,17326,17539,17752,17965,18178,18391,18604,18817,19030,19243,19456,19669,19882,20095,20308,20521,20734,20947,21160,21373,21586,21799,22012,22225,22438,22651,-22505,-22292,-22079,-21866,-21653,-21440,-21227,-21014,-20801,-20588,-20375,-20162,-19949,-19736,-19523,-19310,-19097,-18884,-18671,-18458,-18245,-18032,-17819,-17606,-17393,-17180,-16967,-16754,-16541,-16328,-16115,-15902,-15689,-15549,-15476,-15263,-15050,-14837,-14624,-14411,-14198,-13985,-13772,-13559,-13346,-13133,-12920,-12707,-12494,-12281,-12068,-11855,-11642,-11429,-11216,-11003,-10790,-10577,-10364,-10151,-9938,-9725,-9512,-9299,-9086,-8873,-8660,-8447,-8234,-8021,-7808,-7595,-7382,-7169,-6956,-6743,-6530,-6317,-6104,-5891,-5678,-5465,-5252,-5039,-4826,-4613,-4400,-4187,-3974,-3761,-3548,-3335,-3122,-2909,-2696,-2483,-2270,-2057,-1844,-1631,-1418,-1205,-992,-779,-566,-353,-140,MAX=22651
74,287,500,713,926,1139,1352,1565,1778,1991,2204,2417,2630,2843,3056,3269,3482,3695,3908,4121,4334,4547,4760,4973,5186,5399,5612,5825,6038,6251,6464,6677,6890,7103,7316,7529,7742,7955,8168,8381,8594,8807,9020,9233,9446,9659,9872,10085,10298,10511,10724,10937,11150,11363,11576,11789,12002,12215,12428,12641,12854,13067,13280,13493,13706,13919,14132,14345,14558,14771,14984,15197,15410,15623,15836,16049,16262,16475,16688,16901,17114,17327,17540,17753,17966,18179,18392,18605,18818,19031,19244,19457,19670,19883,20096,20309,20522,20735,20948,21161,21374,21587,21800,22013,22226,22439,22652,-22504,-22291,-22078,-21865,-21652,-21439,-21226,-21013,-20800,-20587,-20374,-20161,-19948,-19735,-19522,-19309,-19096,-18883,-18670,-18457,-18244,-18031,-17818,-17605,-17392,-17179,-16966,-16753,-16540,-16327,-16114,-15901,-15762,-15688,-15475,-15262,-15049,-14836,-14623,-14410,-14197,-13984,-13771,-13558,-13345,-13132,-12919,-12706,-12493,-12280,-12067,-11854,-11641,-11428,-11215,-11002,-10789,-10576,-10363,-10150,-9937,-9724,-9511,-9298,-9085,-8872,-8659,-8446,-8233,-8020,-7807,-7594,-7381,-7168,-6955,-6742,-6529,-6316,-6103,-5890,-5677,-5464,-5251,-5038,-4825,-4612,-4399,-4186,-3973,-3760,-3547,-3334,-3121,-2908,-2695,-2482,-2269,-2056,-1843,-1630,-1417,-1204,-991,-778,-565,-352,-139,MAX=22652
75,288,501,714,927,1140,1353,1566,1779,1992,2205,2418,2631,2844,3057,3270,3483,3696,3909,4122,4335,4548,4761,4974,5187,5400,5613,5826,6039,6252,6465,6678,6891,7104,7317,7530,7743,7956,8169,8382,8595,8808,9021,9234,9447,9660,9873,10086,10299,10512,10725,10938,11151,11364,11577,11790,12003,12216,12429,12642,12855,13068,13281,13494,13707,13920,14133,14346,14559,14772,14985,15198,15411,15624,15837,16050,16263,16476,16689,16902,17115,17328,17541,17754,17967,18180,18393,18606,18819,19032,19245,19458,19671,19884,20097,20310,20523,20736,20949,21162,21375,21588,21801,22014,22227,22440,22653,-22503,-22290,-22077,-21864,-21651,-21438,-21225,-21012,-20799,-20586,-20373,-20160,-19947,-19734,-19521,-19308,-19095,-18882,-18669,-18456,-18243,-18030,-17817,-17604,-17391,-17178,-16965,-16752,-16539,-16326,-16113,-15975,-15900,-15687,-15474,-15261,-15048,-14835,-14622,-14409,-14196,-13983,-13770,-13557,-13344,-13131,-12918,-12705,-12492,-12279,-12066,-11853,-11640,-11427,-11214,-11001,-10788,-10575,-10362,-10149,-9936,-9723,-9510,-9297,-9084,-8871,-8658,-8445,-8232,-8019,-7806,-7593,-7380,-7167,-6954,-6741,-6528,-6315,-6102,-5889,-5676,-5463,-5250,-5037,-4824,-4611,-4398,-4185,-3972,-3759,-3546,-3333,-3120,-2907,-2694,-2481,-2268,-2055,-1842,-1629,-1416,-1203,-990,-777,-564,-351,-138,MAX=22653
76,289,502,715,928,1141,1354,1567,1780,1993,2206,2419,2632,2845,3058,3271,3484,3697,3910,4123,4336,4549,4762,4975,5188,5401,5614,5827,6040,6253,6466,6679,6892,7105,7318,7531,7744,7957,8170,8383,8596,8809,9022,9235,9448,9661,9874,10087,10300,10513,10726,10939,11152,11365,11578,11791,12004,12217,12430,12643,12856,13069,13282,13495,13708,13921,14134,14347,14560,14773,14986,15199,15412,15625,15838,16051,16264,16477,16690,16903,17116,17329,17542,17755,17968,18181,18394,18607,18820,19033,19246,19459,19672,19885,20098,20311,20524,20737,20950,21163,21376,21589,21802,22015,22228,22441,22654,-22502,-22289,-22076,-21863,-21650,-21437,-21224,-21011,-20798,-20585,-20372,-20159,-19946,-19733,-19520,-19307,-19094,-18881,-18668,-18455,-18242,-18029,-17816,-17603,-17390,-17177,-16964,-16751,-16538,-16325,-16188,-16112,-15899,-15686,-15473,-15260,-15047,-14834,-14621,-14408,-14195,-13982,-13769,-13556,-13343,-13130,-12917,-12704,-12491,-12278,-12065,-11852,-11639,-11426,-11213,-11000,-10787,-10574,-10361,-10148,-9935,-9722,-9509,-9296,-9083,-8870,-8657,-8444,-8231,-8018,-7805,-7592,-7379,-7166,-6953,-6740,-6527,-6314,-6101,-5888,-5675,-5462,-5249,-5036,-4823,-4610,-4397,-4184,-3971,-3758,-3545,-3332,-3119,-2906,-2693,-2480,-2267,-2054,-1841,-1628,-1415,-1202,-989,-776,-563,-350,-137,MAX=22654
77,290,503,716,929,1142,1355,1568,1781,1994,2207,2420,2633,2846,3059,3272,3485,3698,3911,4124,4337,4550,4763,4976,5189,5402,5615,5828,6041,6254,6467,6680,6893,7106,7319,7532,7745,7958,8171,8384,8597,8810,9023,9236,9449,9662,9875,10088,10301,10514,10727,10940,11153,11366,11579,11792,12005,12218,12431,12644,12857,13070,13283,13496,13709,13922,14135,14348,14561,14774,14987,15200,15413,15626,15839,16052,16265,16478,16691,16904,17117,17330,17543,17756,17969,18182,18395,18608,18821,19034,19247,19460,19673,19886,20099,20312,20525,20738,20951,21164,21377,21590,21803,22016,22229,22442,22655,-22501,-22288,-22075,-21862,-21649,-21436,-21223,-21010,-20797,-20584,-20371,-20158,-19945,-19732,-19519,-19306,-19093,-18880,-18667,-18454,-18241,-18028,-17815,-17602,-17389,-17176,-16963,-16750,-16537,-16401,-16324,-16111,-15898,-15685,-15472,-15259,-15046,-14833,-14620,-14407,-14194,-13981,-13768,-13555,-13342,-13129,-12916,-12703,-12490,-12277,-12064,-11851,-11638,-11425,-11212,-10999,-10786,-10573,-10360,-10147,-9934,-9721,-9508,-9295,-9082,-8869,-8656,-8443,-8230,-8017,-7804,-7591,-7378,-7165,-6952,-6739,-6526,-6313,-6100,-5887,-5674,-5461,-5248,-5035,-4822,-4609,-4396,-4183,-3970,-3757,-3544,-3331,-3118,-2905,-2692,-2479,-2266,-2053,-1840,-1627,-1414,-1201,-988,-775,-562,-349,-136,MAX=22655
78,291,504,717,930,1143,1356,1569,1782,1995,2208,2421,2634,2847,3060,3273,3486,3699,3912,4125,4338,4551,4764,4977,5190,5403,5616,5829,6042,6255,6468,6681,6894,7107,7320,7533,7746,7959,8172,8385,8598,8811,9024,9237,9450,9663,9876,10089,10302,10515,10728,10941,11154,11367,11580,11793,12006,12219,12432,12645,12858,13071,13284,13497,13710,13923,14136,14349,14562,14775,14988,15201,15414,15627,15840,16053,16266,16479,16692,16905,17118,17331,17544,17757,17970,18183,18396,18609,18822,19035,19248,19461,19674,19887,20100,20313,20526,20739,20952,21165,21378,21591,21804,22017,22230,22443,22656,-22500,-22287,-22074,-21861,-21648,-21435,-21222,-21009,-20796,-20583,-20370,-20157,-19944,-19731,-19518,-19305,-19092,-18879,-18666,-18453,-18240,-18027,-17814,-17601,-17388,-17175,-16962,-16749,-16614,-16536,-16323,-16110,-15897,-15684,-15471,-15258,-15045,-14832,-14619,-14406,-14193,-13980,-13767,-13554,-13341,-13128,-12915,-12702,-12489,-12276,-12063,-11850,-11637,-11424,-11211,-10998,-10785,-10572,-10359,-10146,-9933,-9720,-9507,-9294,-9081,-8868,-8655,-8442,-8229,-8016,-7803,-7590,-7377,-7164,-6951,-6738,-6525,-6312,-6099,-5886,-5673,-5460,-5247,-5034,-4821,-4608,-4395,-4182,-3969,-3756,-3543,-3330,-3117,-2904,-2691,-2478,-2265,-2052,-1839,-1626,-1413,-1200,-987,-774,-561,-348,-135,MAX=22656
79,292,505,718,931,1144,1357,1570,1783,1996,2209,2422,2635,2848,3061,3274,3487,3700,3913,4126,4339,4552,4765,4978,5191,5404,5617,5830,6043,6256,6469,6682,6895,7108,7321,7534,7747,7960,8173,8386,8599,8812,9025,9238,9451,9664,9877,10090,10303,10516,10729,10942,11155,11368,11581,11794,12007,12220,12433,12646,12859,13072,13285,13498,13711,13924,14137,14350,14563,14776,14989,15202,15415,15628,15841,16054,16267,16480,16693,16906,17119,17332,17545,17758,17971,18184,18397,18610,18823,19036,19249,19462,19675,19888,20101,20314,20527,20740,20953,21166,21379,21592,21805,22018,22231,22444,22657,-22499,-22286,-22073,-21860,-21647,-21434,-21221,-21008,-20795,-20582,-20369,-20156,-19943,-19730,-19517,-19304,-19091,-18878,-18665,-18452,-18239,-18026,-17813,-17600,-17387,-17174,-16961,-16827,-16748,-16535,-16322,-16109,-15896,-15683,-15470,-15257,-15044,-14831,-14618,-14405,-14192,-13979,-13766,-13553,-13340,-13127,-12914,-12701,-12488,-12275,-12062,-11849,-11636,-11423,-11210,-10997,-10784,-10571,-10358,-10145,-9932,-9719,-9506,-9293,-9080,-8867,-8654,-8441,-8228,-8015,-7802,-7589,-7376,-7163,-6950,-6737,-6524,-6311,-6098,-5885,-5672,-5459,-5246,-5033,-4820,-4607,-4394,-4181,-3968,-3755,-3542,-3329,-3116,-2903,-2690,-2477,-2264,-2051,-1838,-1625,-1412,-1199,-986,-773,-560,-347,-134,MAX=22657
80,293,506,719,932,1145,1358,1571,1784,1997,2210,2423,2636,2849,3062,3275,3488,3701,3914,4127,4340,4553,4766,4979,5192,5405,5618,5831,6044,6257,6470,6683,6896,7109,7322,7535,7748,7961,8174,8387,8600,8813,9026,9239,9452,9665,9878,10091,10304,10517,10730,10943,11156,11369,11582,11795,12008,12221,12434,12647,12860,13073,13286,13499,13712,13925,14138,14351,14564,14777,14990,15203,15416,15629,15842,16055,16268,16481,16694,16907,17120,17333,17546,17759,17972,18185,18398,18611,18824,19037,19250,19463,19676,19889,20102,20315,20528,20741,20954,21167,21380,21593,21806,22019,22232,22445,22658,-22498,-22285,-22072,-21859,-21646,-21433,-21220,-21007,-20794,-20581,-20368,-20155,-19942,-19729,-19516,-19303,-19090,-18877,-18664,-18451,-18238,-18025,-17812,-17599,-17386,-17173,-17040,-16960,-16747,-16534,-16321,-16108,-15895,-15682,-15469,-15256,-15043,-14830,-14617,-14404,-14191,-13978,-13765,-13552,-13339,-13126,-12913,-12700,-12487,-12274,-12061,-11848,-11635,-11422,-11209,-10996,-10783,-10570,-10357,-10144,-9931,-9718,-9505,-9292,-9079,-8866,-8653,-8440,-8227,-8014,-7801,-7588,-7375,-7162,-6949,-6736,-6523,-6310,-6097,-5884,-5671,-5458,-5245,-5032,-4819,-4606,-4393,-4180,-3967,-3754,-3541,-3328,-3115,-2902,-2689,-2476,-2263,-2050,-1837,-1624,-1411,-1198,-985,-772,-559,-346,-133,MAX=22658
81,294,507,720,933,1146,1359,1572,1785,1998,2211,2424,2637,2850,3063,3276,3489,3702,3915,4128,4341,4554,4767,4980,5193,5406,5619,5832,6045,6258,6471,6684,6897,7110,7323,7536,7749,7962,8175,8388,8601,8814,9027,9240,9453,9666,9879,10092,10305,10518,10731,10944,11157,11370,11583,11796,12009,12222,12435,12648,12861,13074,13287,13500,13713,13926,14139,14352,14565,14778,14991,15204,15417,15630,15843,16056,16269,16482,16695,16908,17121,17334,17547,17760,17973,18186,18399,18612,18825,19038,19251,19464,19677,19890,20103,20316,20529,20742,20955,21168,21381,21594,21807,22020,22233,22446,22659,-22497,-22284,-22071,-21858,-21645,-21432,-21219,-21006,-20793,-20580,-20367,-20154,-19941,-19728,-19515,-19302,-19089,-18876,-18663,-18450,-18237,-18024,-17811,-17598,-17385,-17253,-17172,-16959,-16746,-16533,-16320,-16107,-15894,-15681,-15468,-15255,-15042,-14829,-14616,-14403,-14190,-13977,-13764,-13551,-13338,-13125,-12912,-12699,-12486,-12273,-12060,-11847,-11634,-11421,-11208,-10995,-10782,-10569,-10356,-10143,-9930,-9717,-9504,-9291,-9078,-8865,-8652,-8439,-8226,-8013,-7800,-7587,-7374,-7161,-6948,-6735,-6522,-6309,-6096,-5883,-5670,-5457,-5244,-5031,-4818,-4605,-4392,-4179,-3966,-3753,-3540,-3327,-3114,-2901,-2688,-2475,-2262,-2049,-1836,-1623,-1410,-1197,-984,-771,-558,-345,-132,MAX=22659
82,295,508,721,934,1147,1360,1573,1786,1999,2212,2425,2638,2851,3064,3277,3490,3703,3916,4129,4342,4555,4768,4981,5194,5407,5620,5833,6046,6259,6472,6685,6898,7111,7324,7537,7750,7963,8176,8389,8602,8815,9028,9241,9454,9667,9880,10093,10306,10519,10732,10945,11158,11371,11584,11797,12010,12223,12436,12649,12862,13075,13288,13501,13714,13927,14140,14353,14566,14779,14992,15205,15418,15631,15844,16057,16270,16483,16696,16909,17122,17335,17548,17761,17974,18187,18400,18613,18826,19039,19252,19465,19678,19891,20104,20317,20530,20743,20956,21169,21382,21595,21808,22021,22234,22447,22660,-22496,-22283,-22070,-21857,-21644,-21431,-21218,-21005,-20792,-20579,-20366,-20153,-19940,-19727,-19514,-19301,-19088,-18875,-18662,-18449,-18236,-18023,-17810,-17597,-17466,-17384,-17171,-16958,-16745,-16532,-16319,-16106,-15893,-15680,-15467,-15254,-15041,-14828,-14615,-14402,-14189,-13976,-13763,-13550,-13337,-13124,-12911,-12698,-12485,-12272,-12059,-11846,-11633,-11420,-11207,-10994,-10781,-10568,-10355,-10142,-9929,-9716,-9503,-9290,-9077,-8864,-8651,-8438,-8225,-8012,-7799,-7586,-7373,-7160,-6947,-6734,-6521,-6308,-6095,-5882,-5669,-5456,-5243,-5030,-4817,-4604,-4391,-4178,-3965,-3752,-3539,-3326,-3113,-2900,-2687,-2474,-2261,-2048,-1835,-1622,-1409,-1196,-983,-770,-557,-344,-131,MAX=22660
83,296,509,722,935,1148,1361,1574,1787,2000,2213,2426,2639,2852,3065,3278,3491,3704,3917,4130,4343,4556,4769,4982,5195,5408,5621,5834,6047,6260,6473,6686,6899,7112,7325,7538,7751,7964,8177,8390,8603,8816,9029,9242,9455,9668,9881,10094,10307,10520,10733,10946,11159,11372,11585,11798,12011,12224,12437,12650,12863,13076,13289,13502,13715,13928,14141,14354,14567,14780,14993,15206,15419,15632,15845,16058,16271,16484,16697,16910,17123,17336,17549,17762,17975,18188,18401,18614,18827,19040,19253,19466,19679,19892,20105,20318,20531,20744,20957,21170,21383,21596,21809,22022,22235,22448,22661,-22495,-22282,-22069,-21856,-21643,-21430,-21217,-21004,-20791,-20578,-20365,-20152,-19939,-19726,-19513,-19300,-19087,-18874,-18661,-18448,-18235,-18022,-17809,-17679,-17596,-17383,-17170,-16957,-16744,-16531,-16318,-16105,-15892,-15679,-15466,-15253,-15040,-14827,-14614,-14401,-14188,-13975,-13762,-13549,-13336,-13123,-12910,-12697,-12484,-12271,-12058,-11845,-11632,-11419,-11206,-10993,-10780,-10567,-10354,-10141,-9928,-9715,-9502,-9289,-9076,-8863,-8650,-8437,-8224,-8011,-7798,-7585,-7372,-7159,-6946,-6733,-6520,-6307,-6094,-5881,-5668,-5455,-5242,-5029,-4816,-4603,-4390,-4177,-3964,-3751,-3538,-3325,-3112,-2899,-2686,-2473,-2260,-2047,-1834,-1621,-1408,-1195,-982,-769,-556,-343,-130,MAX=22661
84,297,510,723,936,1149,1362,1575,1788,2001,2214,2427,2640,2853,3066,3279,3492,3705,3918,4131,4344,4557,4770,4983,5196,5409,5622,5835,6048,6261,6474,6687,6900,7113,7326,7539,7752,7965,8178,8391,8604,8817,9030,9243,9456,9669,9882,10095,10308,10521,10734,10947,11160,11373,11586,11799,12012,12225,12438,12651,12864,13077,13290,13503,13716,13929,14142,14355,14568,14781,14994,15207,15420,15633,15846,16059,16272,16485,16698,16911,17124,17337,17550,17763,17976,18189,18402,18615,18828,19041,19254,19467,19680,19893,20106,20319,20532,20745,20958,21171,21384,21597,21810,22023,22236,22449,22662,-22494,-22281,-22068,-21855,-21642,-21429,-21216,-21003,-20790,-20577,-20364,-20151,-19938,-19725,-19512,-19299,-19086,-18873,-18660,-18447,-18234,-18021,-17892,-17808,-17595,-17382,-17169,-16956,-16743,-16530,-16317,-16104,-15891,-15678,-15465,-15252,-15039,-14826,-14613,-14400,-14187,-13974,-13761,-13548,-13335,-13122,-12909,-12696,-12483,-12270,-12057,-11844,-11631,-11418,-11205,-10992,-10779,-10566,-10353,-10140,-9927,-9714,-9501,-9288,-9075,-8862,-8649,-8436,-8223,-8010,-7797,-7584,-7371,-7158,-6945,-6732,-6519,-6306,-6093,-5880,-5667,-5454,-5241,-5028,-4815,-4602,-4389,-4176,-3963,-3750,-3537,-3324,-3111,-2898,-2685,-2472,-2259,-2046,-1833,-1620,-1407,-1194,-981,-768,-555,-342,-129,MAX=22662
85,298,511,724,937,1150,1363,1576,1789,2002,2215,2428,2641,2854,3067,3280,3493,3706,3919,4132,4345,4558,4771,4984,5197,5410,5623,5836,6049,6262,6475,6688,6901,7114,7327,7540,7753,7966,8179,8392,8605,8818,9031,9244,9457,9670,9883,10096,10309,10522,10735,10948,11161,11374,11587,11800,12013,12226,12439,12652,12865,13078,13291,13504,13717,13930,14143,14356,14569,14782,14995,15208,15421,15634,15847,16060,16273,16486,16699,16912,17125,17338,17551,17764,17977,18190,18403,18616,18829,19042,19255,19468,19681,19894,20107,20320,20533,20746,20959,21172,21385,21598,21811,22024,22237,22450,22663,-22493,-22280,-22067,-21854,-21641,-21428,-21215,-21002,-20789,-20576,-20363,-20150,-19937,-19724,-19511,-19298,-19085,-18872,-18659,-18446,-18233,-18105,-18020,-17807,-17594,-17381,-17168,-16955,-16742,-16529,-16316,-16103,-15890,-15677,-15464,-15251,-15038,-14825,-14612,-14399,-14186,-13973,-13760,-13547,-13334,-13121,-12908,-12695,-12482,-12269,-12056,-11843,-11630,-11417,-11204,-10991,-10778,-10565,-10352,-10139,-9926,-9713,-9500,-9287,-9074,-8861,-8648,-8435,-8222,-8009,-7796,-7583,-7370,-7157,-6944,-6731,-6518,-6305,-6092,-5879,-5666,-5453,-5240,-5027,-4814,-4601,-4388,-4175,-3962,-3749,-3536,-3323,-3110,-2897,-2684,-2471,-2258,-2045,-1832,-1619,-1406,-1193,-980,-767,-554,-341,-128,MAX=22663
86,299,512,725,938,1151,1364,1577,1790,2003,2216,2429,2642,2855,3068,3281,3494,3707,3920,4133,4346,4559,4772,4985,5198,5411,5624,5837,6050,6263,6476,6689,6902,7115,7328,7541,7754,7967,8180,8393,8606,8819,9032,9245,9458,9671,9884,10097,10310,10523,10736,10949,11162,11375,11588,11801,12014,12227,12440,12653,12866,13079,13292,13505,13718,13931,14144,14357,14570,14783,14996,15209,15422,15635,15848,16061,16274,16487,16700,16913,17126,17339,17552,17765,17978,18191,18404,18617,18830,19043,19256,19469,19682,19895,20108,20321,20534,20747,20960,21173,21386,21599,21812,22025,22238,22451,22664,-22492,-22279,-22066,-21853,-21640,-21427,-21214,-21001,-20788,-20575,-20362,-20149,-19936,-19723,-19510,-19297,-19084,-18871,-18658,-18445,-18318,-18232,-18019,-17806,-17593,-17380,-17167,-16954,-16741,-16528,-16315,-16102,-15889,-15676,-15463,-15250,-15037,-14824,-14611,-14398,-14185,-13972,-13759,-13546,-13333,-13120,-12907,-12694,-12481,-12268,-12055,-11842,-11629,-11416,-11203,-10990,-10777,-10564,-10351,-10138,-9925,-9712,-9499,-9286,-9073,-8860,-8647,-8434,-8221,-8008,-7795,-7582,-7369,-7156,-6943,-6730,-6517,-6304,-6091,-5878,-5665,-5452,-5239,-5026,-4813,-4600,-4387,-4174,-3961,-3748,-3535,-3322,-3109,-2896,-2683,-2470,-2257,-2044,-1831,-1618,-1405,-1192,-979,-766,-553,-340,-127,MAX=22664
87,300,513,726,939,1152,1365,1578,1791,2004,2217,2430,2643,2856,3069,3282,3495,3708,3921,4134,4347,4560,4773,4986,5199,5412,5625,5838,6051,6264,6477,6690,6903,7116,7329,7542,7755,7968,8181,8394,8607,8820,9033,9246,9459,9672,9885,10098,10311,10524,10737,10950,11163,11376,11589,11802,12015,12228,12441,12654,12867,13080,13293,13506,13719,13932,14145,14358,14571,14784,14997,15210,15423,15636,15849,16062,16275,16488,16701,16914,17127,17340,17553,17766,17979,18192,18405,18618,18831,19044,19257,19470,19683,19896,20109,20322,20535,20748,20961,21174,21387,21600,21813,22026,22239,22452,22665,-22491,-22278,-22065,-21852,-21639,-21426,-21213,-21000,-20787,-20574,-20361,-20148,-19935,-19722,-19509,-19296,-19083,-18870,-18657,-18531,-18444,-18231,-18018,-17805,-17592,-17379,-17166,-16953,-16740,-16527,-16314,-16101,-15888,-15675,-15462,-15249,-15036,-14823,-14610,-14397,-14184,-13971,-13758,-13545,-13332,-13119,-12906,-12693,-12480,-12267,-12054,-11841,-11628,-11415,-11202,-10989,-10776,-10563,-10350,-10137,-9924,-9711,-9498,-9285,-9072,-8859,-8646,-8433,-8220,-8007,-7794,-7581,-7368,-7155,-6942,-6729,-6516,-6303,-6090,-5877,-5664,-5451,-5238,-5025,-4812,-4599,-4386,-4173,-3960,-3747,-3534,-3321,-3108,-2895,-2682,-2469,-2256,-2043,-1830,-1617,-1404,-1191,-978,-765,-552,-339,-126,MAX=22665
88,301,514,727,940,1153,1366,1579,1792,2005,2218,2431,2644,2857,3070,3283,3496,3709,3922,4135,4348,4561,4774,4987,5200,5413,5626,5839,6052,6265,6478,6691,6904,7117,7330,7543,7756,7969,8182,8395,8608,8821,9034,9247,9460,9673,9886,10099,10312,10525,10738,10951,11164,11377,11590,11803,12016,12229,12442,12655,12868,13081,13294,13507,13720,13933,14146,14359,14572,14785,14998,15211,15424,15637,15850,16063,16276,16489,16702,16915,17128,17341,17554,17767,17980,18193,18406,18619,18832,19045,19258,19471,19684,19897,20110,20323,20536,20749,20962,21175,21388,21601,21814,22027,22240,22453,22666,-22490,-22277,-22064,-21851,-21638,-21425,-21212,-20999,-20786,-20573,-20360,-20147,-19934,-19721,-19508,-19295,-19082,-18869,-18744,-18656,-18443,-18230,-18017,-17804,-17591,-17378,-17165,-16952,-16739,-16526,-16313,-16100,-15887,-15674,-15461,-15248,-15035,-14822,-14609,-14396,-14183,-13970,-13757,-13544,-13331,-13118,-12905,-12692,-12479,-12266,-12053,-11840,-11627,-11414,-11201,-10988,-10775,-10562,-10349,-10136,-9923,-9710,-9497,-9284,-9071,-8858,-8645,-8432,-8219,-8006,-7793,-7580,-7367,-7154,-6941,-6728,-6515,-6302,-6089,-5876,-5663,-5450,-5237,-5024,-4811,-4598,-4385,-4172,-3959,-3746,-3533,-3320,-3107,-2894,-2681,-2468,-2255,-2042,-1829,-1616,-1403,-1190,-977,-764,-551,-338,-125,MAX=22666
89,302,515,728,941,1154,1367,1580,1793,2006,2219,2432,2645,2858,3071,3284,3497,3710,3923,4136,4349,4562,4775,4988,5201,5414,5627,5840,6053,6266,6479,6692,6905,7118,7331,7544,7757,7970,8183,8396,8609,8822,9035,9248,9461,9674,9887,10100,10313,10526,10739,10952,11165,11378,11591,11804,12017,12230,12443,12656,12869,13082,13295,13508,13721,13934,14147,14360,14573,14786,14999,15212,15425,15638,15851,16064,16277,16490,16703,16916,17129,17342,17555,17768,17981,18194,18407,18620,18833,19046,19259,19472,19685,19898,20111,20324,20537,20750,20963,21176,21389,21602,21815,22028,22241,22454,22667,-22489,-22276,-22063,-21850,-21637,-21424,-21211,-20998,-20785,-20572,-20359,-20146,-19933,-19720,-19507,-19294,-19081,-18957,-18868,-18655,-18442,-18229,-18016,-17803,-17590,-17377,-17164,-16951,-16738,-16525,-16312,-16099,-15886,-15673,-15460,-15247,-15034,-14821,-14608,-14395,-14182,-13969,-13756,-13543,-13330,-13117,-12904,-12691,-12478,-12265,-12052,-11839,-11626,-11413,-11200,-10987,-10774,-10561,-10348,-10135,-9922,-9709,-9496,-9283,-9070,-8857,-8644,-8431,-8218,-8005,-7792,-7579,-7366,-7153,-6940,-6727,-6514,-6301,-6088,-5875,-5662,-5449,-5236,-5023,-4810,-4597,-4384,-4171,-3958,-3745,-3532,-3319,-3106,-2893,-2680,-2467,-2254,-2041,-1828,-1615,-1402,-1189,-976,-763,-550,-337,-124,MAX=22667
90,303,516,729,942,1155,1368,1581,1794,2007,2220,2433,2646,2859,3072,3285,3498,3711,3924,4137,4350,4563,4776,4989,5202,5415,5628,5841,6054,6267,6480,6693,6906,7119,7332,7545,7758,7971,8184,8397,8610,8823,9036,9249,9462,9675,9888,10101,10314,10527,10740,10953,11166,11379,11592,11805,12018,12231,12444,12657,12870,13083,13296,13509,13722,13935,14148,14361,14574,14787,15000,15213,15426,15639,15852,16065,16278,16491,16704,16917,17130,17343,17556,17769,17982,18195,18408,18621,18834,19047,19260,19473,19686,19899,20112,20325,20538,20751,20964,21177,21390,21603,21816,22029,22242,22455,22668,-22488,-22275,-22062,-21849,-21636,-21423,-21210,-20997,-20784,-20571,-20358,-20145,-19932,-19719,-19506,-19293,-19170,-19080,-18867,-18654,-18441,-18228,-18015,-17802,-17589,-17376,-17163,-16950,-16737,-16524,-16311,-16098,-15885,-15672,-15459,-15246,-15033,-14820,-14607,-14394,-14181,-13968,-13755,-13542,-13329,-13116,-12903,-12690,-12477,-12264,-12051,-11838,-11625,-11412,-11199,-10986,-10773,-10560,-10347,-10134,-9921,-9708,-9495,-9282,-9069,-8856,-8643,-8430,-8217,-8004,-7791,-7578,-7365,-7152,-6939,-6726,-6513,-6300,-6087,-5874,-5661,-5448,-5235,-5022,-4809,-4596,-4383,-4170,-3957,-3744,-3531,-3318,-3105,-2892,-2679,-2466,-2253,-2040,-1827,-1614,-1401,-1188,-975,-762,-549,-336,-123,MAX=22668
91,304,517,730,943,1156,1369,1582,1795,2008,2221,2434,2647,2860,3073,3286,3499,3712,3925,4138,4351,4564,4777,4990,5203,5416,5629,5842,6055,6268,6481,6694,6907,7120,7333,7546,7759,7972,8185,8398,8611,8824,9037,9250,9463,9676,9889,10102,10315,10528,10741,10954,11167,11380,11593,11806,12019,12232,12445,12658,12871,13084,13297,13510,13723,13936,14149,14362,14575,14788,15001,15214,15427,15640,15853,16066,16279,16492,16705,16918,17131,17344,17557,17770,17983,18196,18409,18622,18835,19048,19261,19474,19687,19900,20113,20326,20539,20752,20965,21178,21391,21604,21817,22030,22243,22456,22669,-22487,-22274,-22061,-21848,-21635,-21422,-21209,-20996,-20783,-20570,-20357,-20144,-19931,-19718,-19505,-19383,-19292,-19079,-18866,-18653,-18440,-18227,-18014,-17801,-17588,-17375,-17162,-16949,-16736,-16523,-16310,-16097,-15884,-15671,-15458,-15245,-15032,-14819,-14606,-14393,-14180,-13967,-13754,-13541,-13328,-13115,-12902,-12689,-12476,-12263,-12050,-11837,-11624,-11411,-11198,-10985,-10772,-10559,-10346,-10133,-9920,-9707,-9494,-9281,-9068,-8855,-8642,-8429,-8216,-8003,-7790,-7577,-7364,-7151,-6938,-6725,-6512,-6299,-6086,-5873,-5660,-5447,-5234,-5021,-4808,-4595,-4382,-4169,-3956,-3743,-3530,-3317,-3104,-2891,-2678,-2465,-2252,-2039,-1826,-1613,-1400,-1187,-974,-761,-548,-335,-122,MAX=22669
92,305,518,731,944,1157,1370,1583,1796,2009,2222,2435,2648,2861,3074,3287,3500,3713,3926,4139,4352,4565,4778,4991,5204,5417,5630,5843,6056,6269,6482,6695,6908,7121,7334,7547,7760,7973,8186,8399,8612,8825,9038,9251,9464,9677,9890,10103,10316,10529,10742,10955,11168,11381,11594,11807,12020,12233,12446,12659,12872,13085,13298,13511,13724,13937,14150,14363,14576,14789,15002,15215,15428,15641,15854,16067,16280,16493,16706,16919,17132,17345,17558,17771,17984,18197,18410,18623,18836,19049,19262,19475,19688,19901,20114,20327,20540,20753,20966,21179,21392,21605,21818,22031,22244,22457,22670,-22486,-22273,-22060,-21847,-21634,-21421,-21208,-20995,-20782,-20569,-20356,-20143,-19930,-19717,-19596,-19504,-19291,-19078,-18865,-18652,-18439,-18226,-18013,-17800,-17587,-17374,-17161,-16948,-16735,-16522,-16309,-16096,-15883,-15670,-15457,-15244,-15031,-14818,-14605,-14392,-14179,-13966,-13753,-13540,-13327,-13114,-12901,-12688,-12475,-12262,-12049,-11836,-11623,-11410,-11197,-10984,-10771,-10558,-10345,-10132,-9919,-9706,-9493,-9280,-9067,-8854,-8641,-8428,-8215,-8002,-7789,-7576,-7363,-7150,-6937,-6724,-6511,-6298,-6085,-5872,-5659,-5446,-5233,-5020,-4807,-4594,-4381,-4168,-3955,-3742,-3529,-3316,-3103,-2890,-2677,-2464,-2251,-2038,-1825,-1612,-1399,-1186,-973,-760,-547,-334,-121,MAX=22670
93,306,519,732,945,1158,1371,1584,1797,2010,2223,2436,2649,2862,3075,3288,3501,3714,3927,4140,4353,4566,4779,4992,5205,5418,5631,5844,6057,6270,6483,6696,6909,7122,7335,7548,7761,7974,8187,8400,8613,8826,9039,9252,9465,9678,9891,10104,10317,10530,10743,10956,11169,11382,11595,11808,12021,12234,12447,12660,12873,13086,13299,13512,13725,13938,14151,14364,14577,14790,15003,15216,15429,15642,15855,16068,16281,16494,16707,16920,17133,17346,17559,17772,17985,18198,18411,18624,18837,19050,19263,19476,19689,19902,20115,20328,20541,20754,20967,21180,21393,21606,21819,22032,22245,22458,22671,-22485,-22272,-22059,-21846,-21633,-21420,-21207,-20994,-20781,-20568,-20355,-20142,-19929,-19809,-19716,-19503,-19290,-19077,-18864,-18651,-18438,-18225,-18012,-17799,-17586,-17373,-17160,-16947,-16734,-16521,-16308,-16095,-15882,-15669,-15456,-15243,-15030,-14817,-14604,-14391,-14178,-13965,-13752,-13539,-13326,-13113,-12900,-12687,-12474,-12261,-12048,-11835,-11622,-11409,-11196,-10983,-10770,-10557,-10344,-10131,-9918,-9705,-9492,-9279,-9066,-8853,-8640,-8427,-8214,-8001,-7788,-7575,-7362,-7149,-6936,-6723,-6510,-6297,-6084,-5871,-5658,-5445,-5232,-5019,-4806,-4593,-4380,-4167,-3954,-3741,-3528,-3315,-3102,-2889,-2676,-2463,-2250,-2037,-1824,-1611,-1398,-1185,-972,-759,-546,-333,-120,MAX=22671
94,307,520,733,946,1159,1372,1585,1798,2011,2224,2437,2650,2863,3076,3289,3502,3715,3928,4141,4354,4567,4780,4993,5206,5419,5632,5845,6058,6271,6484,6697,6910,7123,7336,7549,7762,7975,8188,8401,8614,8827,9040,9253,9466,9679,9892,10105,10318,10531,10744,10957,11170,11383,11596,11809,12022,12235,12448,12661,12874,13087,13300,13513,13726,13939,14152,14365,14578,14791,15004,15217,15430,15643,15856,16069,16282,16495,16708,16921,17134,17347,17560,17773,17986,18199,18412,18625,18838,19051,19264,19477,19690,19903,20116,20329,20542,20755,20968,21181,21394,21607,21820,22033,22246,22459,22672,-22484,-22271,-22058,-21845,-21632,-21419,-21206,-20993,-20780,-20567,-20354,-20141,-20022,-19928,-19715,-19502,-19289,-19076,-18863,-18650,-18437,-18224,-18011,-17798,-17585,-17372,-17159,-16946,-16733,-16520,-16307,-16094,-15881,-15668,-15455,-15242,-15029,-14816,-14603,-14390,-14177,-13964,-13751,-13538,-13325,-13112,-12899,-12686,-12473,-12260,-12047,-11834,-11621,-11408,-11195,-10982,-10769,-10556,-10343,-10130,-9917,-9704,-9491,-9278,-9065,-8852,-8639,-8426,-8213,-8000,-7787,-7574,-7361,-7148,-6935,-6722,-6509,-6296,-6083,-5870,-5657,-5444,-5231,-5018,-4805,-4592,-4379,-4166,-3953,-3740,-3527,-3314,-3101,-2888,-2675,-2462,-2249,-2036,-1823,-1610,-1397,-1184,-971,-758,-545,-332,-119,MAX=22672
95,308,521,734,947,1160,1373,1586,1799,2012,2225,2438,2651,2864,3077,3290,3503,3716,3929,4142,4355,4568,4781,4994,5207,5420,5633,5846,6059,6272,6485,6698,6911,7124,7337,7550,7763,7976,8189,8402,8615,8828,9041,9254,9467,9680,9893,10106,10319,10532,10745,10958,11171,11384,11597,11810,12023,12236,12449,12662,12875,13088,13301,13514,13727,13940,14153,14366,14579,14792,15005,15218,15431,15644,15857,16070,16283,16496,16709,16922,17135,17348,17561,17774,17987,18200,18413,18626,18839,19052,19265,19478,19691,19904,20117,20330,20543,20756,20969,21182,21395,21608,21821,22034,22247,22460,22673,-22483,-22270,-22057,-21844,-21631,-21418,-21205,-20992,-20779,-20566,-20353,-20235,-20140,-19927,-19714,-19501,-19288,-19075,-18862,-18649,-18436,-18223,-18010,-17797,-17584,-17371,-17158,-16945,-16732,-16519,-16306,-16093,-15880,-15667,-15454,-15241,-15028,-14815,-14602,-14389,-14176,-13963,-13750,-13537,-13324,-13111,-12898,-12685,-12472,-12259,-12046,-11833,-11620,-11407,-11194,-10981,-10768,-10555,-10342,-10129,-9916,-9703,-9490,-9277,-9064,-8851,-8638,-8425,-8212,-7999,-7786,-7573,-7360,-7147,-6934,-6721,-6508,-6295,-6082,-5869,-5656,-5443,-5230,-5017,-4804,-4591,-4378,-4165,-3952,-3739,-3526,-3313,-3100,-2887,-2674,-2461,-2248,-2035,-1822,-1609,-1396,-1183,-970,-757,-544,-331,-118,MAX=22673
96,309,522,735,948,1161,1374,1587,1800,2013,2226,2439,2652,2865,3078,3291,3504,3717,3930,4143,4356,4569,4782,4995,5208,5421,5634,5847,6060,6273,6486,6699,6912,7125,7338,7551,7764,7977,8190,8403,8616,8829,9042,9255,9468,9681,9894,10107,10320,10533,10746,10959,11172,11385,11598,11811,12024,12237,12450,12663,12876,13089,13302,13515,13728,13941,14154,14367,14580,14793,15006,15219,15432,15645,15858,16071,16284,16497,16710,16923,17136,17349,17562,17775,17988,18201,18414,18627,18840,19053,19266,19479,19692,19905,20118,20331,20544,20757,20970,21183,21396,21609,21822,22035,22248,22461,22674,-22482,-22269,-22056,-21843,-21630,-21417,-21204,-20991,-20778,-20565,-20448,-20352,-20139,-19926,-19713,-19500,-19287,-19074,-18861,-18648,-18435,-18222,-18009,-17796,-17583,-17370,-17157,-16944,-16731,-16518,-16305,-16092,-15879,-15666,-15453,-15240,-15027,-14814,-14601,-14388,-14175,-13962,-13749,-13536,-13323,-13110,-12897,-12684,-12471,-12258,-12045,-11832,-11619,-11406,-11193,-10980,-10767,-10554,-10341,-10128,-9915,-9702,-9489,-9276,-9063,-8850,-8637,-8424,-8211,-7998,-7785,-7572,-7359,-7146,-6933,-6720,-6507,-6294,-6081,-5868,-5655,-5442,-5229,-5016,-4803,-4590,-4377,-4164,-3951,-3738,-3525,-3312,-3099,-2886,-2673,-2460,-2247,-2034,-1821,-1608,-1395,-1182,-969,-756,-543,-330,-117,MAX=22674
97,310,523,736,949,1162,1375,1588,1801,2014,2227,2440,2653,2866,3079,3292,3505,3718,3931,4144,4357,4570,4783,4996,5209,5422,5635,5848,6061,6274,6487,6700,6913,7126,7339,7552,7765,7978,8191,8404,8617,8830,9043,9256,9469,9682,9895,10108,10321,10534,10747,10960,11173,11386,11599,11812,12025,12238,12451,12664,12877,13090,13303,13516,13729,13942,14155,14368,14581,14794,15007,15220,15433,15646,15859,16072,16285,16498,16711,16924,17137,17350,17563,17776,17989,18202,18415,18628,18841,19054,19267,19480,19693,19906,20119,20332,20545,20758,20971,21184,21397,21610,21823,22036,22249,22462,22675,-22481,-22268,-22055,-21842,-21629,-21416,-21203,-20990,-20777,-20661,-20564,-20351,-20138,-19925,-19712,-19499,-19286,-19073,-18860,-18647,-18434,-18221,-18008,-17795,-17582,-17369,-17156,-16943,-16730,-16517,-16304,-16091,-15878,-15665,-15452,-15239,-15026,-14813,-14600,-14387,-14174,-13961,-13748,-13535,-13322,-13109,-12896,-12683,-12470,-12257,-12044,-11831,-11618,-11405,-11192,-10979,-10766,-10553,-10340,-10127,-9914,-9701,-9488,-9275,-9062,-8849,-8636,-8423,-8210,-7997,-7784,-7571,-7358,-7145,-6932,-6719,-6506,-6293,-6080,-5867,-5654,-5441,-5228,-5015,-4802,-4589,-4376,-4163,-3950,-3737,-3524,-3311,-3098,-2885,-2672,-2459,-2246,-2033,-1820,-1607,-1394,-1181,-968,-755,-542,-329,-116,MAX=22675
98,311,524,737,950,1163,1376,1589,1802,2015,2228,2441,2654,2867,3080,3293,3506,3719,3932,4145,4358,4571,4784,4997,5210,5423,5636,5849,6062,6275,6488,6701,6914,7127,7340,7553,7766,7979,8192,8405,8618,8831,9044,9257,9470,9683,9896,10109,10322,10535,10748,10961,11174,11387,11600,11813,12026,12239,12452,12665,12878,13091,13304,13517,13730,13943,14156,14369,14582,14795,15008,15221,15434,15647,15860,16073,16286,16499,16712,16925,17138,17351,17564,17777,17990,18203,18416,18629,18842,19055,19268,19481,19694,19907,20120,20333,20546,20759,20972,21185,21398,21611,21824,22037,22250,22463,22676,-22480,-22267,-22054,-21841,-21628,-21415,-21202,-20989,-20874,-20776,-20563,-20350,-20137,-19924,-19711,-19498,-19285,-19072,-18859,-18646,-18433,-18220,-18007,-17794,-17581,-17368,-17155,-16942,-16729,-16516,-16303,-16090,-15877,-15664,-15451,-15238,-15025,-14812,-14599,-14386,-14173,-13960,-13747,-13534,-13321,-13108,-12895,-12682,-12469,-12256,-12043,-11830,-11617,-11404,-11191,-10978,-10765,-10552,-10339,-10126,-9913,-9700,-9487,-9274,-9061,-8848,-8635,-8422,-8209,-7996,-7783,-7570,-7357,-7144,-6931,-6718,-6505,-6292,-6079,-5866,-5653,-5440,-5227,-5014,-4801,-4588,-4375,-4162,-3949,-3736,-3523,-3310,-3097,-2884,-2671,-2458,-2245,-2032,-1819,-1606,-1393,-1180,-967,-754,-541,-328,-115,MAX=22676
99,312,525,738,951,1164,1377,1590,1803,2016,2229,2442,2655,2868,3081,3294,3507,3720,3933,4146,4359,4572,4785,4998,5211,5424,5637,5850,6063,6276,6489,6702,6915,7128,7341,7554,7767,7980,8193,8406,8619,8832,9045,9258,9471,9684,9897,10110,10323,10536,10749,10962,11175,11388,11601,11814,12027,12240,12453,12666,12879,13092,13305,13518,13731,13944,14157,14370,14583,14796,15009,15222,15435,15648,15861,16074,16287,16500,16713,16926,17139,17352,17565,17778,17991,18204,18417,18630,18843,19056,19269,19482,19695,19908,20121,20334,20547,20760,20973,21186,21399,21612,21825,22038,22251,22464,22677,-22479,-22266,-22053,-21840,-21627,-21414,-21201,-21087,-20988,-20775,-20562,-20349,-20136,-19923,-19710,-19497,-19284,-19071,-18858,-18645,-18432,-18219,-18006,-17793,-17580,-17367,-17154,-16941,-16728,-16515,-16302,-16089,-15876,-15663,-15450,-15237,-15024,-14811,-14598,-14385,-14172,-13959,-13746,-13533,-13320,-13107,-12894,-12681,-12468,-12255,-12042,-11829,-11616,-11403,-11190,-10977,-10764,-10551,-10338,-10125,-9912,-9699,-9486,-9273,-9060,-8847,-8634,-8421,-8208,-7995,-7782,-7569,-7356,-7143,-6930,-6717,-6504,-6291,-6078,-5865,-5652,-5439,-5226,-5013,-4800,-4587,-4374,-4161,-3948,-3735,-3522,-3309,-3096,-2883,-2670,-2457,-2244,-2031,-1818,-1605,-1392,-1179,-966,-753,-540,-327,-114,MAX=22677
100,313,526,739,952,1165,1378,1591,1804,2017,2230,2443,2656,2869,3082,3295,3508,3721,3934,4147,4360,4573,4786,4999,5212,5425,5638,5851,6064,6277,6490,6703,6916,7129,7342,7555,7768,7981,8194,8407,8620,8833,9046,9259,9472,9685,9898,10111,10324,10537,10750,10963,11176,11389,11602,11815,12028,12241,12454,12667,12880,13093,13306,13519,13732,13945,14158,14371,14584,14797,15010,15223,15436,15649,15862,16075,16288,16501,16714,16927,17140,17353,17566,17779,17992,18205,18418,18631,18844,19057,19270,19483,19696,19909,20122,20335,20548,20761,20974,21187,21400,21613,21826,22039,22252,22465,22678,-22478,-22265,-22052,-21839,-21626,-21413,-21300,-21200,-20987,-20774,-20561,-20348,-20135,-19922,-19709,-19496,-19283,-19070,-18857,-18644,-18431,-18218,-18005,-17792,-17579,-17366,-17153,-16940,-16727,-16514,-16301,-16088,-15875,-15662,-15449,-15236,-15023,-14810,-14597,-14384,-14171,-13958,-13745,-13532,-13319,-13106,-12893,-12680,-12467,-12254,-12041,-11828,-11615,-11402,-11189,-10976,-10763,-10550,-10337,-10124,-9911,-9698,-9485,-9272,-9059,-8846,-8633,-8420,-8207,-7994,-7781,-7568,-7355,-7142,-6929,-6716,-6503,-6290,-6077,-5864,-5651,-5438,-5225,-5012,-4799,-4586,-4373,-4160,-3947,-3734,-3521,-3308,-3095,-2882,-2669,-2456,-2243,-2030,-1817,-1604,-1391,-1178,-965,-752,-539,-326,-113,MAX=22678
101,314,527,740,953,1166,1379,1592,1805,2018,2231,2444,2657,2870,3083,3296,3509,3722,3935,4148,4361,4574,4787,5000,5213,5426,5639,5852,6065,6278,6491,6704,6917,7130,7343,7556,7769,7982,8195,8408,8621,8834,9047,9260,9473,9686,9899,10112,10325,10538,10751,10964,11177,11390,11603,11816,12029,12242,12455,12668,12881,13094,13307,13520,13733,13946,14159,14372,14585,14798,15011,15224,15437,15650,15863,16076,16289,16502,16715,16928,17141,17354,17567,17780,17993,18206,18419,18632,18845,19058,19271,19484,19697,19910,20123,20336,20549,20762,20975,21188,21401,21614,21827,22040,22253,22466,22679,-22477,-22264,-22051,-21838,-21625,-21513,-21412,-21199,-20986,-20773,-20560,-20347,-20134,-19921,-19708,-19495,-19282,-19069,-18856,-18643,-18430,-18217,-18004,-17791,-17578,-17365,-17152,-16939,-16726,-16513,-16300,-16087,-15874,-15661,-15448,-15235,-15022,-14809,-14596,-14383,-14170,-13957,-13744,-13531,-13318,-13105,-12892,-12679,-12466,-12253,-12040,-11827,-11614,-11401,-11188,-10975,-10762,-10549,-10336,-10123,-9910,-9697,-9484,-9271,-9058,-8845,-8632,-8419,-8206,-7993,-7780,-7567,-7354,-7141,-6928,-6715,-6502,-6289,-6076,-5863,-5650,-5437,-5224,-5011,-4798,-4585,-4372,-4159,-3946,-3733,-3520,-3307,-3094,-2881,-2668,-2455,-2242,-2029,-1816,-1603,-1390,-1177,-964,-751,-538,-325,-112,MAX=22679
102,315,528,741,954,1167,1380,1593,1806,2019,2232,2445,2658,2871,3084,3297,3510,3723,3936,4149,4362,4575,4788,5001,5214,5427,5640,5853,6066,6279,6492,6705,6918,7131,7344,7557,7770,7983,8196,8409,8622,8835,9048,9261,9474,9687,9900,10113,10326,10539,10752,10965,11178,11391,11604,11817,12030,12243,12456,12669,12882,13095,13308,13521,13734,13947,14160,14373,14586,14799,15012,15225,15438,15651,15864,16077,16290,16503,16716,16929,17142,17355,17568,17781,17994,18207,18420,18633,18846,19059,19272,19485,19698,19911,20124,20337,20550,20763,20976,21189,21402,21615,21828,22041,22254,22467,22680,-22476,-22263,-22050,-21837,-21726,-21624,-21411,-21198,-20985,-20772,-20559,-20346,-20133,-19920,-19707,-19494,-19281,-19068,-18855,-18642,-18429,-18216,-18003,-17790,-17577,-17364,-17151,-16938,-16725,-16512,-16299,-16086,-15873,-15660,-15447,-15234,-15021,-14808,-14595,-14382,-14169,-13956,-13743,-13530,-13317,-13104,-12891,-12678,-12465,-12252,-12039,-11826,-11613,-11400,-11187,-10974,-10761,-10548,-10335,-10122,-9909,-9696,-9483,-9270,-9057,-8844,-8631,-8418,-8205,-7992,-7779,-7566,-7353,-7140,-6927,-6714,-6501,-6288,-6075,-5862,-5649,-5436,-5223,-5010,-4797,-4584,-4371,-4158,-3945,-3732,-3519,-3306,-3093,-2880,-2667,-2454,-2241,-2028,-1815,-1602,-1389,-1176,-963,-750,-537,-324,-111,MAX=22680
103,316,529,742,955,1168,1381,1594,1807,2020,2233,2446,2659,2872,3085,3298,3511,3724,3937,4150,4363,4576,4789,5002,5215,5428,5641,5854,6067,6280,6493,6706,6919,7132,7345,7558,7771,7984,8197,8410,8623,8836,9049,9262,9475,9688,9901,10114,10327,10540,10753,10966,11179,11392,11605,11818,12031,12244,12457,12670,12883,13096,13309,13522,13735,13948,14161,14374,14587,14800,15013,15226,15439,15652,15865,16078,16291,16504,16717,16930,17143,17356,17569,17782,17995,18208,18421,18634,18847,19060,19273,19486,19699,19912,20125,20338,20551,20764,20977,21190,21403,21616,21829,22042,22255,22468,22681,-22475,-22262,-22049,-21939,-21836,-21623,-21410,-21197,-20984,-20771,-20558,-20345,-20132,-19919,-19706,-19493,-19280,-19067,-18854,-18641,-18428,-18215,-18002,-17789,-17576,-17363,-17150,-16937,-16724,-16511,-16298,-16085,-15872,-15659,-15446,-15233,-15020,-14807,-14594,-14381,-14168,-13955,-13742,-13529,-13316,-13103,-12890,-12677,-12464,-12251,-12038,-11825,-11612,-11399,-11186,-10973,-10760,-10547,-10334,-10121,-9908,-9695,-9482,-9269,-9056,-8843,-8630,-8417,-8204,-7991,-7778,-7565,-7352,-7139,-6926,-6713,-6500,-6287,-6074,-5861,-5648,-5435,-5222,-5009,-4796,-4583,-4370,-4157,-3944,-3731,-3518,-3305,-3092,-2879,-2666,-2453,-2240,-2027,-1814,-1601,-1388,-1175,-962,-749,-536,-323,-110,MAX=22681
104,317,530,743,956,1169,1382,1595,1808,2021,2234,2447,2660,2873,3086,3299,3512,3725,3938,4151,4364,4577,4790,5003,5216,5429,5642,5855,6068,6281,6494,6707,6920,7133,7346,7559,7772,7985,8198,8411,8624,8837,9050,9263,9476,9689,9902,10115,10328,10541,10754,10967,11180,11393,11606,11819,12032,12245,12458,12671,12884,13097,13310,13523,13736,13949,14162,14375,14588,14801,15014,15227,15440,15653,15866,16079,16292,16505,16718,16931,17144,17357,17570,17783,17996,18209,18422,18635,18848,19061,19274,19487,19700,19913,20126,20339,20552,20765,20978,21191,21404,21617,21830,22043,22256,22469,22682,-22474,-22261,-22152,-22048,-21835,-21622,-21409,-21196,-20983,-20770,-20557,-20344,-20131,-19918,-19705,-19492,-19279,-19066,-18853,-18640,-18427,-18214,-18001,-17788,-17575,-17362,-17149,-16936,-16723,-16510,-16297,-16084,-15871,-15658,-15445,-15232,-15019,-14806,-14593,-14380,-14167,-13954,-13741,-13528,-13315,-13102,-12889,-12676,-12463,-12250,-12037,-11824,-11611,-11398,-11185,-10972,-10759,-10546,-10333,-10120,-9907,-9694,-9481,-9268,-9055,-8842,-8629,-8416,-8203,-7990,-7777,-7564,-7351,-7138,-6925,-6712,-6499,-6286,-6073,-5860,-5647,-5434,-5221,-5008,-4795,-4582,-4369,-4156,-3943,-3730,-3517,-3304,-3091,-2878,-2665,-2452,-2239,-2026,-1813,-1600,-1387,-1174,-961,-748,-535,-322,-109,MAX=22682
105,318,531,744,957,1170,1383,1596,1809,2022,2235,2448,2661,2874,3087,3300,3513,3726,3939,4152,4365,4578,4791,5004,5217,5430,5643,5856,6069,6282,6495,6708,6921,7134,7347,7560,7773,7986,8199,8412,8625,8838,9051,9264,9477,9690,9903,10116,10329,10542,10755,10968,11181,11394,11607,11820,12033,12246,12459,12672,12885,13098,13311,13524,13737,13950,14163,14376,14589,14802,15015,15228,15441,15654,15867,16080,16293,16506,16719,16932,17145,17358,17571,17784,17997,18210,18423,18636,18849,19062,19275,19488,19701,19914,20127,20340,20553,20766,20979,21192,21405,21618,21831,22044,22257,22470,22683,-22473,-22365,-22260,-22047,-21834,-21621,-21408,-21195,-20982,-20769,-20556,-20343,-20130,-19917,-19704,-19491,-19278,-19065,-18852,-18639,-18426,-18213,-18000,-17787,-17574,-17361,-17148,-16935,-16722,-16509,-16296,-16083,-15870,-15657,-15444,-15231,-15018,-14805,-14592,-14379,-14166,-13953,-13740,-13527,-13314,-13101,-12888,-12675,-12462,-12249,-12036,-11823,-11610,-11397,-11184,-10971,-10758,-10545,-10332,-10119,-9906,-9693,-9480,-9267,-9054,-8841,-8628,-8415,-8202,-7989,-7776,-7563,-7350,-7137,-6924,-6711,-6498,-6285,-6072,-5859,-5646,-5433,-5220,-5007,-4794,-4581,-4368,-4155,-3942,-3729,-3516,-3303,-3090,-2877,-2664,-2451,-2238,-2025,-1812,-1599,-1386,-1173,-960,-747,-534,-321,-108,MAX=22683
106,319,532,745,958,1171,1384,1597,1810,2023,2236,2449,2662,2875,3088,3301,3514,3727,3940,4153,4366,4579,4792,5005,5218,5431,5644,5857,6070,6283,6496,6709,6922,7135,7348,7561,7774,7987,8200,8413,8626,8839,9052,9265,9478,9691,9904,10117,10330,10543,10756,10969,11182,11395,11608,11821,12034,12247,12460,12673,12886,13099,13312,13525,13738,13951,14164,14377,14590,14803,15016,15229,15442,15655,15868,16081,16294,16507,16720,16933,17146,17359,17572,17785,17998,18211,18424,18637,18850,19063,19276,19489,19702,19915,20128,20341,20554,20767,20980,21193,21406,21619,21832,22045,22258,22471,22684,-22578,-22472,-22259,-22046,-21833,-21620,-21407,-21194,-20981,-20768,-20555,-20342,-20129,-19916,-19703,-19490,-19277,-19064,-18851,-18638,-18425,-18212,-17999,-17786,-17573,-17360,-17147,-16934,-16721,-16508,-16295,-16082,-15869,-15656,-15443,-15230,-15017,-14804,-14591,-14378,-14165,-13952,-13739,-13526,-13313,-13100,-12887,-12674,-12461,-12248,-12035,-11822,-11609,-11396,-11183,-10970,-10757,-10544,-10331,-10118,-9905,-9692,-9479,-9266,-9053,-8840,-8627,-8414,-8201,-7988,-7775,-7562,-7349,-7136,-6923,-6710,-6497,-6284,-6071,-5858,-5645,-5432,-5219,-5006,-4793,-4580,-4367,-4154,-3941,-3728,-3515,-3302,-3089,-2876,-2663,-2450,-2237,-2024,-1811,-1598,-1385,-1172,-959,-746,-533,-320,-107,MAX=22684
107,320,533,746,959,1172,1385,1598,1811,2024,2237,2450,2663,2876,3089,3302,3515,3728,3941,4154,4367,4580,4793,5006,5219,5432,5645,5858,6071,6284,6497,6710,6923,7136,7349,7562,7775,7988,8201,8414,8627,8840,9053,9266,9479,9692,9905,10118,10331,10544,10757,10970,11183,11396,11609,11822,12035,12248,12461,12674,12887,13100,13313,13526,13739,13952,14165,14378,14591,14804,15017,15230,15443,15656,15869,16082,16295,16508,16721,16934,17147,17360,17573,17786,17999,18212,18425,18638,18851,19064,19277,19490,19703,19916,20129,20342,20555,20768,20981,21194,21407,21620,21833,22046,22259,22472,22578,-22684,-22471,-22258,-22045,-21832,-21619,-21406,-21193,-20980,-20767,-20554,-20341,-20128,-19915,-19702,-19489,-19276,-19063,-18850,-18637,-18424,-18211,-17998,-17785,-17572,-17359,-17146,-16933,-16720,-16507,-16294,-16081,-15868,-15655,-15442,-15229,-15016,-14803,-14590,-14377,-14164,-13951,-13738,-13525,-13312,-13099,-12886,-12673,-12460,-12247,-12034,-11821,-11608,-11395,-11182,-10969,-10756,-10543,-10330,-10117,-9904,-9691,-9478,-9265,-9052,-8839,-8626,-8413,-8200,-7987,-7774,-7561,-7348,-7135,-6922,-6709,-6496,-6283,-6070,-5857,-5644,-5431,-5218,-5005,-4792,-4579,-4366,-4153,-3940,-3727,-3514,-3301,-3088,-2875,-2662,-2449,-2236,-2023,-1810,-1597,-1384,-1171,-958,-745,-532,-319,-106,MAX=-22684
108,321,534,747,960,1173,1386,1599,1812,2025,2238,2451,2664,2877,3090,3303,3516,3729,3942,4155,4368,4581,4794,5007,5220,5433,5646,5859,6072,6285,6498,6711,6924,7137,7350,7563,7776,7989,8202,8415,8628,8841,9054,9267,9480,9693,9906,10119,10332,10545,10758,10971,11184,11397,11610,11823,12036,12249,12462,12675,12888,13101,13314,13527,13740,13953,14166,14379,14592,14805,15018,15231,15444,15657,15870,16083,16296,16509,16722,16935,17148,17361,17574,17787,18000,18213,18426,18639,18852,19065,19278,19491,19704,19917,20130,20343,20556,20769,20982,21195,21408,21621,21834,22047,22260,22365,22473,-22683,-22470,-22257,-22044,-21831,-21618,-21405,-21192,-20979,-20766,-20553,-20340,-20127,-19914,-19701,-19488,-19275,-19062,-18849,-18636,-18423,-18210,-17997,-17784,-17571,-17358,-17145,-16932,-16719,-16506,-16293,-16080,-15867,-15654,-15441,-15228,-15015,-14802,-14589,-14376,-14163,-13950,-13737,-13524,-13311,-13098,-12885,-12672,-12459,-12246,-12033,-11820,-11607,-11394,-11181,-10968,-10755,-10542,-10329,-10116,-9903,-9690,-9477,-9264,-9051,-8838,-8625,-8412,-8199,-7986,-7773,-7560,-7347,-7134,-6921,-6708,-6495,-6282,-6069,-5856,-5643,-5430,-5217,-5004,-4791,-4578,-4365,-4152,-3939,-3726,-3513,-3300,-3087,-2874,-2661,-2448,-2235,-2022,-1809,-1596,-1383,-1170,-957,-744,-531,-318,-105,MAX=-22683
109,322,535,748,961,1174,1387,1600,1813,2026,2239,2452,2665,2878,3091,3304,3517,3730,3943,4156,4369,4582,4795,5008,5221,5434,5647,5860,6073,6286,6499,6712,6925,7138,7351,7564,7777,7990,8203,8416,8629,8842,9055,9268,9481,9694,9907,10120,10333,10546,10759,10972,11185,11398,11611,11824,12037,12250,12463,12676,12889,13102,13315,13528,13741,13954,14167,14380,14593,14806,15019,15232,15445,15658,15871,16084,16297,16510,16723,16936,17149,17362,17575,17788,18001,18214,18427,18640,18853,19066,19279,19492,19705,19918,20131,20344,20557,20770,20983,21196,21409,21622,21835,22048,22152,22261,22474,-22682,-22469,-22256,-22043,-21830,-21617,-21404,-21191,-20978,-20765,-20552,-20339,-20126,-19913,-19700,-19487,-19274,-19061,-18848,-18635,-18422,-18209,-17996,-17783,-17570,-17357,-17144,-16931,-16718,-16505,-16292,-16079,-15866,-15653,-15440,-15227,-15014,-14801,-14588,-14375,-14162,-13949,-13736,-13523,-13310,-13097,-12884,-12671,-12458,-12245,-12032,-11819,-11606,-11393,-11180,-10967,-10754,-10541,-10328,-10115,-9902,-9689,-9476,-9263,-9050,-8837,-8624,-8411,-8198,-7985,-7772,-7559,-7346,-7133,-6920,-6707,-6494,-6281,-6068,-5855,-5642,-5429,-5216,-5003,-4790,-4577,-4364,-4151,-3938,-3725,-3512,-3299,-3086,-2873,-2660,-2447,-2234,-2021,-1808,-1595,-1382,-1169,-956,-743,-530,-317,-104,MAX=-22682
110,323,536,749,962,1175,1388,1601,1814,2027,2240,2453,2666,2879,3092,3305,3518,3731,3944,4157,4370,4583,4796,5009,5222,5435,5648,5861,6074,6287,6500,6713,6926,7139,7352,7565,7778,7991,8204,8417,8630,8843,9056,9269,9482,9695,9908,10121,10334,10547,10760,10973,11186,11399,11612,11825,12038,12251,12464,12677,12890,13103,13316,13529,13742,13955,14168,14381,14594,14807,15020,15233,15446,15659,15872,16085,16298,16511,16724,16937,17150,17363,17576,17789,18002,18215,18428,18641,18854,19067,19280,19493,19706,19919,20132,20345,20558,20771,20984,21197,21410,21623,21836,21939,22049,22262,22475,-22681,-22468,-22255,-22042,-21829,-21616,-21403,-21190,-20977,-20764,-20551,-20338,-20125,-19912,-19699,-19486,-19273,-19060,-18847,-18634,-18421,-18208,-17995,-17782,-17569,-17356,-17143,-16930,-16717,-16504,-16291,-16078,-15865,-15652,-15439,-15226,-15013,-14800,-14587,-14374,-14161,-13948,-13735,-13522,-13309,-13096,-12883,-12670,-12457,-12244,-12031,-11818,-11605,-11392,-11179,-10966,-10753,-10540,-10327,-10114,-9901,-9688,-9475,-9262,-9049,-8836,-8623,-8410,-8197,-7984,-7771,-7558,-7345,-7132,-6919,-6706,-6493,-6280,-6067,-5854,-5641,-5428,-5215,-5002,-4789,-4576,-4363,-4150,-3937,-3724,-3511,-3298,-3085,-2872,-2659,-2446,-2233,-2020,-1807,-1594,-1381,-1168,-955,-742,-529,-316,-103,MAX=-22681
111,324,537,750,963,1176,1389,1602,1815,2028,2241,2454,2667,2880,3093,3306,3519,3732,3945,4158,4371,4584,4797,5010,5223,5436,5649,5862,6075,6288,6501,6714,6927,7140,7353,7566,7779,7992,8205,8418,8631,8844,9057,9270,9483,9696,9909,10122,10335,10548,10761,10974,11187,11400,11613,11826,12039,12252,12465,12678,12891,13104,13317,13530,13743,13956,14169,14382,14595,14808,15021,15234,15447,15660,15873,16086,16299,16512,16725,16938,17151,17364,17577,17790,18003,18216,18429,18642,18855,19068,19281,19494,19707,19920,20133,20346,20559,20772,20985,21198,21411,21624,21726,21837,22050,22263,22476,-22680,-22467,-22254,-22041,-21828,-21615,-21402,-21189,-20976,-20763,-20550,-20337,-20124,-19911,-19698,-19485,-19272,-19059,-18846,-18633,-18420,-18207,-17994,-17781,-17568,-17355,-17142,-16929,-16716,-16503,-16290,-16077,-15864,-15651,-15438,-15225,-15012,-14799,-14586,-14373,-14160,-13947,-13734,-13521,-13308,-13095,-12882,-12669,-12456,-12243,-12030,-11817,-11604,-11391,-11178,-10965,-10752,-10539,-10326,-10113,-9900,-9687,-9474,-9261,-9048,-8835,-8622,-8409,-8196,-7983,-7770,-7557,-7344,-7131,-6918,-6705,-6492,-6279,-6066,-5853,-5640,-5427,-5214,-5001,-4788,-4575,-4362,-4149,-3936,-3723,-3510,-3297,-3084,-2871,-2658,-2445,-2232,-2019,-1806,-1593,-1380,-1167,-954,-741,-528,-315,-102,MAX=-22680
112,325,538,751,964,1177,1390,1603,1816,2029,2242,2455,2668,2881,3094,3307,3520,3733,3946,4159,4372,4585,4798,5011,5224,5437,5650,5863,6076,6289,6502,6715,6928,7141,7354,7567,7780,7993,8206,8419,8632,8845,9058,9271,9484,9697,9910,10123,10336,10549,10762,10975,11188,11401,11614,11827,12040,12253,12466,12679,12892,13105,13318,13531,13744,13957,14170,14383,14596,14809,15022,15235,15448,15661,15874,16087,16300,16513,16726,16939,17152,17365,17578,17791,18004,18217,18430,18643,18856,19069,19282,19495,19708,19921,20134,20347,20560,20773,20986,21199,21412,21513,21625,21838,22051,22264,22477,-22679,-22466,-22253,-22040,-21827,-21614,-21401,-21188,-20975,-20762,-20549,-20336,-20123,-19910,-19697,-19484,-19271,-19058,-18845,-18632,-18419,-18206,-17993,-17780,-17567,-17354,-17141,-16928,-16715,-16502,-16289,-16076,-15863,-15650,-15437,-15224,-15011,-14798,-14585,-14372,-14159,-13946,-13733,-13520,-13307,-13094,-12881,-12668,-12455,-12242,-12029,-11816,-11603,-11390,-11177,-10964,-10751,-10538,-10325,-10112,-9899,-9686,-9473,-9260,-9047,-8834,-8621,-8408,-8195,-7982,-7769,-7556,-7343,-7130,-6917,-6704,-6491,-6278,-6065,-5852,-5639,-5426,-5213,-5000,-4787,-4574,-4361,-4148,-3935,-3722,-3509,-3296,-3083,-2870,-2657,-2444,-2231,-2018,-1805,-1592,-1379,-1166,-953,-740,-527,-314,-101,MAX=-22679
113,326,539,752,965,1178,1391,1604,1817,2030,2243,2456,2669,2882,3095,3308,3521,3734,3947,4160,4373,4586,4799,5012,5225,5438,5651,5864,6077,6290,6503,6716,6929,7142,7355,7568,7781,7994,8207,8420,8633,8846,9059,9272,9485,9698,9911,10124,10337,10550,10763,10976,11189,11402,11615,11828,12041,12254,12467,12680,12893,13106,13319,13532,13745,13958,14171,14384,14597,14810,15023,15236,15449,15662,15875,16088,16301,16514,16727,16940,17153,17366,17579,17792,18005,18218,18431,18644,18857,19070,19283,19496,19709,19922,20135,20348,20561,20774,20987,21200,21300,21413,21626,21839,22052,22265,22478,-22678,-22465,-22252,-22039,-21826,-21613,-21400,-21187,-20974,-20761,-20548,-20335,-20122,-19909,-19696,-19483,-19270,-19057,-18844,-18631,-18418,-18205,-17992,-17779,-17566,-17353,-17140,-16927,-16714,-16501,-16288,-16075,-15862,-15649,-15436,-15223,-15010,-14797,-14584,-14371,-14158,-13945,-13732,-13519,-13306,-13093,-12880,-12667,-12454,-12241,-12028,-11815,-11602,-11389,-11176,-10963,-10750,-10537,-10324,-10111,-9898,-9685,-9472,-9259,-9046,-8833,-8620,-8407,-8194,-7981,-7768,-7555,-7342,-7129,-6916,-6703,-6490,-6277,-6064,-5851,-5638,-5425,-5212,-4999,-4786,-4573,-4360,-4147,-3934,-3721,-3508,-3295,-3082,-2869,-2656,-2443,-2230,-2017,-1804,-1591,-1378,-1165,-952,-739,-526,-313,-100,MAX=-22678
114,327,540,753,966,1179,1392,1605,1818,2031,2244,2457,2670,2883,3096,3309,3522,3735,3948,4161,4374,4587,4800,5013,5226,5439,5652,5865,6078,6291,6504,6717,6930,7143,7356,7569,7782,7995,8208,8421,8634,8847,9060,9273,9486,9699,9912,10125,10338,10551,10764,10977,11190,11403,11616,11829,12042,12255,12468,12681,12894,13107,13320,13533,13746,13959,14172,14385,14598,14811,15024,15237,15450,15663,15876,16089,16302,16515,16728,16941,17154,17367,17580,17793,18006,18219,18432,18645,18858,19071,19284,19497,19710,19923,20136,20349,20562,20775,20988,21087,21201,21414,21627,21840,22053,22266,22479,-22677,-22464,-22251,-22038,-21825,-21612,-21399,-21186,-20973,-20760,-20547,-20334,-20121,-19908,-19695,-19482,-19269,-19056,-18843,-18630,-18417,-18204,-17991,-17778,-17565,-17352,-17139,-16926,-16713,-16500,-16287,-16074,-15861,-15648,-15435,-15222,-15009,-14796,-14583,-14370,-14157,-13944,-13731,-13518,-13305,-13092,-12879,-12666,-12453,-12240,-12027,-11814,-11601,-11388,-11175,-10962,-10749,-10536,-10323,-10110,-9897,-9684,-9471,-9258,-9045,-8832,-8619,-8406,-8193,-7980,-7767,-7554,-7341,-7128,-6915,-6702,-6489,-6276,-6063,-5850,-5637,-5424,-5211,-4998,-4785,-4572,-4359,-4146,-3933,-3720,-3507,-3294,-3081,-2868,-2655,-2442,-2229,-2016,-1803,-1590,-1377,-1164,-951,-738,-525,-312,-99,MAX=-22677
115,328,541,754,967,1180,1393,1606,1819,2032,2245,2458,2671,2884,3097,3310,3523,3736,3949,4162,4375,4588,4801,5014,5227,5440,5653,5866,6079,6292,6505,6718,6931,7144,7357,7570,7783,7996,8209,8422,8635,8848,9061,9274,9487,9700,9913,10126,10339,10552,10765,10978,11191,11404,11617,11830,12043,12256,12469,12682,12895,13108,13321,13534,13747,13960,14173,14386,14599,14812,15025,15238,15451,15664,15877,16090,16303,16516,16729,16942,17155,17368,17581,17794,18007,18220,18433,18646,18859,19072,19285,19498,19711,19924,20137,20350,20563,20776,20874,20989,21202,21415,21628,21841,22054,22267,22480,-22676,-22463,-22250,-22037,-21824,-21611,-21398,-21185,-20972,-20759,-20546,-20333,-20120,-19907,-19694,-19481,-19268,-19055,-18842,-18629,-18416,-18203,-17990,-17777,-17564,-17351,-17138,-16925,-16712,-16499,-16286,-16073,-15860,-15647,-15434,-15221,-15008,-14795,-14582,-14369,-14156,-13943,-13730,-13517,-13304,-13091,-12878,-12665,-12452,-12239,-12026,-11813,-11600,-11387,-11174,-10961,-10748,-10535,-10322,-10109,-9896,-9683,-9470,-9257,-9044,-8831,-8618,-8405,-8192,-7979,-7766,-7553,-7340,-7127,-6914,-6701,-6488,-6275,-6062,-5849,-5636,-5423,-5210,-4997,-4784,-4571,-4358,-4145,-3932,-3719,-3506,-3293,-3080,-2867,-2654,-2441,-2228,-2015,-1802,-1589,-1376,-1163,-950,-737,-524,-311,-98,MAX=-22676
116,329,542,755,968,1181,1394,1607,1820,2033,2246,2459,2672,2885,3098,3311,3524,3737,3950,4163,4376,4589,4802,5015,5228,5441,5654,5867,6080,6293,6506,6719,6932,7145,7358,7571,7784,7997,8210,8423,8636,8849,9062,9275,9488,9701,9914,10127,10340,10553,10766,10979,11192,11405,11618,11831,12044,12257,12470,12683,12896,13109,13322,13535,13748,13961,14174,14387,14600,14813,15026,15239,15452,15665,15878,16091,16304,16517,16730,16943,17156,17369,17582,17795,18008,18221,18434,18647,18860,19073,19286,19499,19712,19925,20138,20351,20564,20661,20777,20990,21203,21416,21629,21842,22055,22268,22481,-22675,-22462,-22249,-22036,-21823,-21610,-21397,-21184,-20971,-20758,-20545,-20332,-20119,-19906,-19693,-19480,-19267,-19054,-18841,-18628,-18415,-18202,-17989,-17776,-17563,-17350,-17137,-16924,-16711,-16498,-16285,-16072,-15859,-15646,-15433,-15220,-15007,-14794,-14581,-14368,-14155,-13942,-13729,-13516,-13303,-13090,-12877,-12664,-12451,-12238,-12025,-11812,-11599,-11386,-11173,-10960,-10747,-10534,-10321,-10108,-9895,-9682,-9469,-9256,-9043,-8830,-8617,-8404,-8191,-7978,-7765,-7552,-7339,-7126,-6913,-6700,-6487,-6274,-6061,-5848,-5635,-5422,-5209,-4996,-4783,-4570,-4357,-4144,-3931,-3718,-3505,-3292,-3079,-2866,-2653,-2440,-2227,-2014,-1801,-1588,-1375,-1162,-949,-736,-523,-310,-97,MAX=-22675
117,330,543,756,969,1182,1395,1608,1821,2034,2247,2460,2673,2886,3099,3312,3525,3738,3951,4164,4377,4590,4803,5016,5229,5442,5655,5868,6081,6294,6507,6720,6933,7146,7359,7572,7785,7998,8211,8424,8637,8850,9063,9276,9489,9702,9915,10128,10341,10554,10767,10980,11193,11406,11619,11832,12045,12258,12471,12684,12897,13110,13323,13536,13749,13962,14175,14388,14601,14814,15027,15240,15453,15666,15879,16092,16305,16518,16731,16944,17157,17370,17583,17796,18009,18222,18435,18648,18861,19074,19287,19500,19713,19926,20139,20352,20448,20565,20778,20991,21204,21417,21630,21843,22056,22269,22482,-22674,-22461,-22248,-22035,-21822,-21609,-21396,-21183,-20970,-20757,-20544,-20331,-20118,-19905,-19692,-19479,-19266,-19053,-18840,-18627,-18414,-18201,-17988,-17775,-17562,-17349,-17136,-16923,-16710,-16497,-16284,-16071,-15858,-15645,-15432,-15219,-15006,-14793,-14580,-14367,-14154,-13941,-13728,-13515,-13302,-13089,-12876,-12663,-12450,-12237,-12024,-11811,-11598,-11385,-11172,-10959,-10746,-10533,-10320,-10107,-9894,-9681,-9468,-9255,-9042,-8829,-8616,-8403,-8190,-7977,-7764,-7551,-7338,-7125,-6912,-6699,-6486,-6273,-6060,-5847,-5634,-5421,-5208,-4995,-4782,-4569,-4356,-4143,-3930,-3717,-3504,-3291,-3078,-2865,-2652,-2439,-2226,-2013,-1800,-1587,-1374,-1161,-948,-735,-522,-309,-96,MAX=-22674
118,331,544,757,970,1183,1396,1609,1822,2035,2248,2461,2674,2887,3100,3313,3526,3739,3952,4165,4378,4591,4804,5017,5230,5443,5656,5869,6082,6295,6508,6721,6934,7147,7360,7573,7786,7999,8212,8425,8638,8851,9064,9277,9490,9703,9916,10129,10342,10555,10768,10981,11194,11407,11620,11833,12046,12259,12472,12685,12898,13111,13324,13537,13750,13963,14176,14389,14602,14815,15028,15241,15454,15667,15880,16093,16306,16519,16732,16945,17158,17371,17584,17797,18010,18223,18436,18649,18862,19075,19288,19501,19714,19927,20140,20235,20353,20566,20779,20992,21205,21418,21631,21844,22057,22270,22483,-22673,-22460,-22247,-22034,-21821,-21608,-21395,-21182,-20969,-20756,-20543,-20330,-20117,-19904,-19691,-19478,-19265,-19052,-18839,-18626,-18413,-18200,-17987,-17774,-17561,-17348,-17135,-16922,-16709,-16496,-16283,-16070,-15857,-15644,-15431,-15218,-15005,-14792,-14579,-14366,-14153,-13940,-13727,-13514,-13301,-13088,-12875,-12662,-12449,-12236,-12023,-11810,-11597,-11384,-11171,-10958,-10745,-10532,-10319,-10106,-9893,-9680,-9467,-9254,-9041,-8828,-8615,-8402,-8189,-7976,-7763,-7550,-7337,-7124,-6911,-6698,-6485,-6272,-6059,-5846,-5633,-5420,-5207,-4994,-4781,-4568,-4355,-4142,-3929,-3716,-3503,-3290,-3077,-2864,-2651,-2438,-2225,-2012,-1799,-1586,-1373,-1160,-947,-734,-521,-308,-95,MAX=-22673
119,332,545,758,971,1184,1397,1610,1823,2036,2249,2462,2675,2888,3101,3314,3527,3740,3953,4166,4379,4592,4805,5018,5231,5444,5657,5870,6083,6296,6509,6722,6935,7148,7361,7574,7787,8000,8213,8426,8639,8852,9065,9278,9491,9704,9917,10130,10343,10556,10769,10982,11195,11408,11621,11834,12047,12260,12473,12686,12899,13112,13325,13538,13751,13964,14177,14390,14603,14816,15029,15242,15455,15668,15881,16094,16307,16520,16733,16946,17159,17372,17585,17798,18011,18224,18437,18650,18863,19076,19289,19502,19715,19928,20022,20141,20354,20567,20780,20993,21206,21419,21632,21845,22058,22271,22484,-22672,-22459,-22246,-22033,-21820,-21607,-21394,-21181,-20968,-20755,-20542,-20329,-20116,-19903,-19690,-19477,-19264,-19051,-18838,-18625,-18412,-18199,-17986,-17773,-17560,-17347,-17134,-16921,-16708,-16495,-16282,-16069,-15856,-15643,-15430,-15217,-15004,-14791,-14578,-14365,-14152,-13939,-13726,-13513,-13300,-13087,-12874,-12661,-12448,-12235,-12022,-11809,-11596,-11383,-11170,-10957,-10744,-10531,-10318,-10105,-9892,-9679,-9466,-9253,-9040,-8827,-8614,-8401,-8188,-7975,-7762,-7549,-7336,-7123,-6910,-6697,-6484,-6271,-6058,-5845,-5632,-5419,-5206,-4993,-4780,-4567,-4354,-4141,-3928,-3715,-3502,-3289,-3076,-2863,-2650,-2437,-2224,-2011,-1798,-1585,-1372,-1159,-946,-733,-520,-307,-94,MAX=-22672
120,333,546,759,972,1185,1398,1611,1824,2037,2250,2463,2676,2889,3102,3315,3528,3741,3954,4167,4380,4593,4806,5019,5232,5445,5658,5871,6084,6297,6510,6723,6936,7149,7362,7575,7788,8001,8214,8427,8640,8853,9066,9279,9492,9705,9918,10131,10344,10557,10770,10983,11196,11409,11622,11835,12048,12261,12474,12687,12900,13113,13326,13539,13752,13965,14178,14391,14604,14817,15030,15243,15456,15669,15882,16095,16308,16521,16734,16947,17160,17373,17586,17799,18012,18225,18438,18651,18864,19077,19290,19503,19716,19809,19929,20142,20355,20568,20781,20994,21207,21420,21633,21846,22059,22272,22485,-22671,-22458,-22245,-22032,-21819,-21606,-21393,-21180,-20967,-20754,-20541,-20328,-20115,-19902,-19689,-19476,-19263,-19050,-18837,-18624,-18411,-18198,-17985,-17772,-17559,-17346,-17133,-16920,-16707,-16494,-16281,-16068,-15855,-15642,-15429,-15216,-15003,-14790,-14577,-14364,-14151,-13938,-13725,-13512,-13299,-13086,-12873,-12660,-12447,-12234,-12021,-11808,-11595,-11382,-11169,-10956,-10743,-10530,-10317,-10104,-9891,-9678,-9465,-9252,-9039,-8826,-8613,-8400,-8187,-7974,-7761,-7548,-7335,-7122,-6909,-6696,-6483,-6270,-6057,-5844,-5631,-5418,-5205,-4992,-4779,-4566,-4353,-4140,-3927,-3714,-3501,-3288,-3075,-2862,-2649,-2436,-2223,-2010,-1797,-1584,-1371,-1158,-945,-732,-519,-306,-93,MAX=-22671
121,334,547,760,973,1186,1399,1612,1825,2038,2251,2464,2677,2890,3103,3316,3529,3742,3955,4168,4381,4594,4807,5020,5233,5446,5659,5872,6085,6298,6511,6724,6937,7150,7363,7576,7789,8002,8215,8428,8641,8854,9067,9280,9493,9706,9919,10132,10345,10558,10771,10984,11197,11410,11623,11836,12049,12262,12475,12688,12901,13114,13327,13540,13753,13966,14179,14392,14605,14818,15031,15244,15457,15670,15883,16096,16309,16522,16735,16948,17161,17374,17587,17800,18013,18226,18439,18652,18865,19078,19291,19504,19596,19717,19930,20143,20356,20569,20782,20995,21208,21421,21634,21847,22060,22273,22486,-22670,-22457,-22244,-22031,-21818,-21605,-21392,-21179,-20966,-20753,-20540,-20327,-20114,-19901,-19688,-19475,-19262,-19049,-18836,-18623,-18410,-18197,-17984,-17771,-17558,-17345,-17132,-16919,-16706,-16493,-16280,-16067,-15854,-15641,-15428,-15215,-15002,-14789,-14576,-14363,-14150,-13937,-13724,-13511,-13298,-13085,-12872,-12659,-12446,-12233,-12020,-11807,-11594,-11381,-11168,-10955,-10742,-10529,-10316,-10103,-9890,-9677,-9464,-9251,-9038,-8825,-8612,-8399,-8186,-7973,-7760,-7547,-7334,-7121,-6908,-6695,-6482,-6269,-6056,-5843,-5630,-5417,-5204,-4991,-4778,-4565,-4352,-4139,-3926,-3713,-3500,-3287,-3074,-2861,-2648,-2435,-2222,-2009,-1796,-1583,-1370,-1157,-944,-731,-518,-305,-92,MAX=-22670
122,335,548,761,974,1187,1400,1613,1826,2039,2252,2465,2678,2891,3104,3317,3530,3743,3956,4169,4382,4595,4808,5021,5234,5447,5660,5873,6086,6299,6512,6725,6938,7151,7364,7577,7790,8003,8216,8429,8642,8855,9068,9281,9494,9707,9920,10133,10346,10559,10772,10985,11198,11411,11624,11837,12050,12263,12476,12689,12902,13115,13328,13541,13754,13967,14180,14393,14606,14819,15032,15245,15458,15671,15884,16097,16310,16523,16736,16949,17162,17375,17588,17801,18014,18227,18440,18653,18866,19079,19292,19383,19505,19718,19931,20144,20357,20570,20783,20996,21209,21422,21635,21848,22061,22274,22487,-22669,-22456,-22243,-22030,-21817,-21604,-21391,-21178,-20965,-20752,-20539,-20326,-20113,-19900,-19687,-19474,-19261,-19048,-18835,-18622,-18409,-18196,-17983,-17770,-17557,-17344,-17131,-16918,-16705,-16492,-16279,-16066,-15853,-15640,-15427,-15214,-15001,-14788,-14575,-14362,-14149,-13936,-13723,-13510,-13297,-13084,-12871,-12658,-12445,-12232,-12019,-11806,-11593,-11380,-11167,-10954,-10741,-10528,-10315,-10102,-9889,-9676,-9463,-9250,-9037,-8824,-8611,-8398,-8185,-7972,-7759,-7546,-7333,-7120,-6907,-6694,-6481,-6268,-6055,-5842,-5629,-5416,-5203,-4990,-4777,-4564,-4351,-4138,-3925,-3712,-3499,-3286,-3073,-2860,-2647,-2434,-2221,-2008,-1795,-1582,-1369,-1156,-943,-730,-517,-304,-91,MAX=-22669
123,336,549,762,975,1188,1401,1614,1827,2040,2253,2466,2679,2892,3105,3318,3531,3744,3957,4170,4383,4596,4809,5022,5235,5448,5661,5874,6087,6300,6513,6726,6939,7152,7365,7578,7791,8004,8217,8430,8643,8856,9069,9282,9495,9708,9921,10134,10347,10560,10773,10986,11199,11412,11625,11838,12051,12264,12477,12690,12903,13116,13329,13542,13755,13968,14181,14394,14607,14820,15033,15246,15459,15672,15885,16098,16311,16524,16737,16950,17163,17376,17589,17802,18015,18228,18441,18654,18867,19080,19170,19293,19506,19719,19932,20145,20358,20571,20784,20997,21210,21423,21636,21849,22062,22275,22488,-22668,-22455,-22242,-22029,-21816,-21603,-21390,-21177,-20964,-20751,-20538,-20325,-20112,-19899,-19686,-19473,-19260,-19047,-18834,-18621,-18408,-18195,-17982,-17769,-17556,-17343,-17130,-16917,-16704,-16491,-16278,-16065,-15852,-15639,-15426,-15213,-15000,-14787,-14574,-14361,-14148,-13935,-13722,-13509,-13296,-13083,-12870,-12657,-12444,-12231,-12018,-11805,-11592,-11379,-11166,-10953,-10740,-10527,-10314,-10101,-9888,-9675,-9462,-9249,-9036,-8823,-8610,-8397,-8184,-7971,-7758,-7545,-7332,-7119,-6906,-6693,-6480,-6267,-6054,-5841,-5628,-5415,-5202,-4989,-4776,-4563,-4350,-4137,-3924,-3711,-3498,-3285,-3072,-2859,-2646,-2433,-2220,-2007,-1794,-1581,-1368,-1155,-942,-729,-516,-303,-90,MAX=-22668
124,337,550,763,976,1189,1402,1615,1828,2041,2254,2467,2680,2893,3106,3319,3532,3745,3958,4171,4384,4597,4810,5023,5236,5449,5662,5875,6088,6301,6514,6727,6940,7153,7366,7579,7792,8005,8218,8431,8644,8857,9070,9283,9496,9709,9922,10135,10348,10561,10774,10987,11200,11413,11626,11839,12052,12265,12478,12691,12904,13117,13330,13543,13756,13969,14182,14395,14608,14821,15034,15247,15460,15673,15886,16099,16312,16525,16738,16951,17164,17377,17590,17803,18016,18229,18442,18655,18868,18957,19081,19294,19507,19720,19933,20146,20359,20572,20785,20998,21211,21424,21637,21850,22063,22276,22489,-22667,-22454,-22241,-22028,-21815,-21602,-21389,-21176,-20963,-20750,-20537,-20324,-20111,-19898,-19685,-19472,-19259,-19046,-18833,-18620,-18407,-18194,-17981,-17768,-17555,-17342,-17129,-16916,-16703,-16490,-16277,-16064,-15851,-15638,-15425,-15212,-14999,-14786,-14573,-14360,-14147,-13934,-13721,-13508,-13295,-13082,-12869,-12656,-12443,-12230,-12017,-11804,-11591,-11378,-11165,-10952,-10739,-10526,-10313,-10100,-9887,-9674,-9461,-9248,-9035,-8822,-8609,-8396,-8183,-7970,-7757,-7544,-7331,-7118,-6905,-6692,-6479,-6266,-6053,-5840,-5627,-5414,-5201,-4988,-4775,-4562,-4349,-4136,-3923,-3710,-3497,-3284,-3071,-2858,-2645,-2432,-2219,-2006,-1793,-1580,-1367,-1154,-941,-728,-515,-302,-89,MAX=-22667
125,338,551,764,977,1190,1403,1616,1829,2042,2255,2468,2681,2894,3107,3320,3533,3746,3959,4172,4385,4598,4811,5024,5237,5450,5663,5876,6089,6302,6515,6728,6941,7154,7367,7580,7793,8006,8219,8432,8645,8858,9071,9284,9497,9710,9923,10136,10349,10562,10775,10988,11201,11414,11627,11840,12053,12266,12479,12692,12905,13118,13331,13544,13757,13970,14183,14396,14609,14822,15035,15248,15461,15674,15887,16100,16313,16526,16739,16952,17165,17378,17591,17804,18017,18230,18443,18656,18744,18869,19082,19295,19508,19721,19934,20147,20360,20573,20786,20999,21212,21425,21638,21851,22064,22277,22490,-22666,-22453,-22240,-22027,-21814,-21601,-21388,-21175,-20962,-20749,-20536,-20323,-20110,-19897,-19684,-19471,-19258,-19045,-18832,-18619,-18406,-18193,-17980,-17767,-17554,-17341,-17128,-16915,-16702,-16489,-16276,-16063,-15850,-15637,-15424,-15211,-14998,-14785,-14572,-14359,-14146,-13933,-13720,-13507,-13294,-13081,-12868,-12655,-12442,-12229,-12016,-11803,-11590,-11377,-11164,-10951,-10738,-10525,-10312,-10099,-9886,-9673,-9460,-9247,-9034,-8821,-8608,-8395,-8182,-7969,-7756,-7543,-7330,-7117,-6904,-6691,-6478,-6265,-6052,-5839,-5626,-5413,-5200,-4987,-4774,-4561,-4348,-4135,-3922,-3709,-3496,-3283,-3070,-2857,-2644,-2431,-2218,-2005,-1792,-1579,-1366,-1153,-940,-727,-514,-301,-88,MAX=-22666
126,339,552,765,978,1191,1404,1617,1830,2043,2256,2469,2682,2895,3108,3321,3534,3747,3960,4173,4386,4599,4812,5025,5238,5451,5664,5877,6090,6303,6516,6729,6942,7155,7368,7581,7794,8007,8220,8433,8646,8859,9072,9285,9498,9711,9924,10137,10350,10563,10776,10989,11202,11415,11628,11841,12054,12267,12480,12693,12906,13119,13332,13545,13758,13971,14184,14397,14610,14823,15036,15249,15462,15675,15888,16101,16314,16527,16740,16953,17166,17379,17592,17805,18018,18231,18444,18531,18657,18870,19083,19296,19509,19722,19935,20148,20361,20574,20787,21000,21213,21426,21639,21852,22065,22278,22491,-22665,-22452,-22239,-22026,-21813,-21600,-21387,-21174,-20961,-20748,-20535,-20322,-20109,-19896,-19683,-19470,-19257,-19044,-18831,-18618,-18405,-18192,-17979,-17766,-17553,-17340,-17127,-16914,-16701,-16488,-16275,-16062,-15849,-15636,-15423,-15210,-14997,-14784,-14571,-14358,-14145,-13932,-13719,-13506,-13293,-13080,-12867,-12654,-12441,-12228,-12015,-11802,-11589,-11376,-11163,-10950,-10737,-10524,-10311,-10098,-9885,-9672,-9459,-9246,-9033,-8820,-8607,-8394,-8181,-7968,-7755,-7542,-7329,-7116,-6903,-6690,-6477,-6264,-6051,-5838,-5625,-5412,-5199,-4986,-4773,-4560,-4347,-4134,-3921,-3708,-3495,-3282,-3069,-2856,-2643,-2430,-2217,-2004,-1791,-1578,-1365,-1152,-939,-726,-513,-300,-87,MAX=-22665
127,340,553,766,979,1192,1405,1618,1831,2044,2257,2470,2683,2896,3109,3322,3535,3748,3961,4174,4387,4600,4813,5026,5239,5452,5665,5878,6091,6304,6517,6730,6943,7156,7369,7582,7795,8008,8221,8434,8647,8860,9073,9286,9499,9712,9925,10138,10351,10564,10777,10990,11203,11416,11629,11842,12055,12268,12481,12694,12907,13120,13333,13546,13759,13972,14185,14398,14611,14824,15037,15250,15463,15676,15889,16102,16315,16528,16741,16954,17167,17380,17593,17806,18019,18232,18318,18445,18658,18871,19084,19297,19510,19723,19936,20149,20362,20575,20788,21001,21214,21427,21640,21853,22066,22279,22492,-22664,-22451,-22238,-22025,-21812,-21599,-21386,-21173,-20960,-20747,-20534,-20321,-20108,-19895,-19682,-19469,-19256,-19043,-18830,-18617,-18404,-18191,-17978,-17765,-17552,-17339,-17126,-16913,-16700,-16487,-16274,-16061,-15848,-15635,-15422,-15209,-14996,-14783,-14570,-14357,-14144,-13931,-13718,-13505,-13292,-13079,-12866,-12653,-12440,-12227,-12014,-11801,-11588,-11375,-11162,-10949,-10736,-10523,-10310,-10097,-9884,-9671,-9458,-9245,-9032,-8819,-8606,-8393,-8180,-7967,-7754,-7541,-7328,-7115,-6902,-6689,-6476,-6263,-6050,-5837,-5624,-5411,-5198,-4985,-4772,-4559,-4346,-4133,-3920,-3707,-3494,-3281,-3068,-2855,-2642,-2429,-2216,-2003,-1790,-1577,-1364,-1151,-938,-725,-512,-299,-86,MAX=-22664
128,341,554,767,980,1193,1406,1619,1832,2045,2258,2471,2684,2897,3110,3323,3536,3749,3962,4175,4388,4601,4814,5027,5240,5453,5666,5879,6092,6305,6518,6731,6944,7157,7370,7583,7796,8009,8222,8435,8648,8861,9074,9287,9500,9713,9926,10139,10352,10565,10778,10991,11204,11417,11630,11843,12056,12269,12482,12695,12908,13121,13334,13547,13760,13973,14186,14399,14612,14825,15038,15251,15464,15677,15890,16103,16316,16529,16742,16955,17168,17381,17594,17807,18020,18105,18233,18446,18659,18872,19085,19298,19511,19724,19937,20150,20363,20576,20789,21002,21215,21428,21641,21854,22067,22280,22493,-22663,-22450,-22237,-22024,-21811,-21598,-21385,-21172,-20959,-20746,-20533,-20320,-20107,-19894,-19681,-19468,-19255,-19042,-18829,-18616,-18403,-18190,-17977,-17764,-17551,-17338,-17125,-16912,-16699,-16486,-16273,-16060,-15847,-15634,-15421,-15208,-14995,-14782,-14569,-14356,-14143,-13930,-13717,-13504,-13291,-13078,-12865,-12652,-12439,-12226,-12013,-11800,-11587,-11374,-11161,-10948,-10735,-10522,-10309,-10096,-9883,-9670,-9457,-9244,-9031,-8818,-8605,-8392,-8179,-7966,-7753,-7540,-7327,-7114,-6901,-6688,-6475,-6262,-6049,-5836,-5623,-5410,-5197,-4984,-4771,-4558,-4345,-4132,-3919,-3706,-3493,-3280,-3067,-2854,-2641,-2428,-2215,-2002,-1789,-1576,-1363,-1150,-937,-724,-511,-298,-85,MAX=-22663
129,342,555,768,981,1194,1407,1620,1833,2046,2259,2472,2685,2898,3111,3324,3537,3750,3963,4176,4389,4602,4815,5028,5241,5454,5667,5880,6093,6306,6519,6732,6945,7158,7371,7584,7797,8010,8223,8436,8649,8862,9075,9288,9501,9714,9927,10140,10353,10566,10779,10992,11205,11418,11631,11844,12057,12270,12483,12696,12909,13122,13335,13548,13761,13974,14187,14400,14613,14826,15039,15252,15465,15678,15891,16104,16317,16530,16743,16956,17169,17382,17595,17808,17892,18021,18234,18447,18660,18873,19086,19299,19512,19725,19938,20151,20364,20577,20790,21003,21216,21429,21642,21855,22068,22281,22494,-22662,-22449,-22236,-22023,-21810,-21597,-21384,-21171,-20958,-20745,-20532,-20319,-20106,-19893,-19680,-19467,-19254,-19041,-18828,-18615,-18402,-18189,-17976,-17763,-17550,-17337,-17124,-16911,-16698,-16485,-16272,-16059,-15846,-15633,-15420,-15207,-14994,-14781,-14568,-14355,-14142,-13929,-13716,-13503,-13290,-13077,-12864,-12651,-12438,-12225,-12012,-11799,-11586,-11373,-11160,-10947,-10734,-10521,-10308,-10095,-9882,-9669,-9456,-9243,-9030,-8817,-8604,-8391,-8178,-7965,-7752,-7539,-7326,-7113,-6900,-6687,-6474,-6261,-6048,-5835,-5622,-5409,-5196,-4983,-4770,-4557,-4344,-4131,-3918,-3705,-3492,-3279,-3066,-2853,-2640,-2427,-2214,-2001,-1788,-1575,-1362,-1149,-936,-723,-510,-297,-84,MAX=-22662
130,343,556,769,982,1195,1408,1621,1834,2047,2260,2473,2686,2899,3112,3325,3538,3751,3964,4177,4390,4603,4816,5029,5242,5455,5668,5881,6094,6307,6520,6733,6946,7159,7372,7585,7798,8011,8224,8437,8650,8863,9076,9289,9502,9715,9928,10141,10354,10567,10780,10993,11206,11419,11632,11845,12058,12271,12484,12697,12910,13123,13336,13549,13762,13975,14188,14401,14614,14827,15040,15253,15466,15679,15892,16105,16318,16531,16744,16957,17170,17383,17596,17679,17809,18022,18235,18448,18661,18874,19087,19300,19513,19726,19939,20152,20365,20578,20791,21004,21217,21430,21643,21856,22069,22282,22495,-22661,-22448,-22235,-22022,-21809,-21596,-21383,-21170,-20957,-20744,-20531,-20318,-20105,-19892,-19679,-19466,-19253,-19040,-18827,-18614,-18401,-18188,-17975,-17762,-17549,-17336,-17123,-16910,-16697,-16484,-16271,-16058,-15845,-15632,-15419,-15206,-14993,-14780,-14567,-14354,-14141,-13928,-13715,-13502,-13289,-13076,-12863,-12650,-12437,-12224,-12011,-11798,-11585,-11372,-11159,-10946,-10733,-10520,-10307,-10094,-9881,-9668,-9455,-9242,-9029,-8816,-8603,-8390,-8177,-7964,-7751,-7538,-7325,-7112,-6899,-6686,-6473,-6260,-6047,-5834,-5621,-5408,-5195,-4982,-4769,-4556,-4343,-4130,-3917,-3704,-3491,-3278,-3065,-2852,-2639,-2426,-2213,-2000,-1787,-1574,-1361,-1148,-935,-722,-509,-296,-83,MAX=-22661
131,344,557,770,983,1196,1409,1622,1835,2048,2261,2474,2687,2900,3113,3326,3539,3752,3965,4178,4391,4604,4817,5030,5243,5456,5669,5882,6095,6308,6521,6734,6947,7160,7373,7586,7799,8012,8225,8438,8651,8864,9077,9290,9503,9716,9929,10142,10355,10568,10781,10994,11207,11420,11633,11846,12059,12272,12485,12698,12911,13124,13337,13550,13763,13976,14189,14402,14615,14828,15041,15254,15467,15680,15893,16106,16319,16532,16745,16958,17171,17384,17466,17597,17810,18023,18236,18449,18662,18875,19088,19301,19514,19727,19940,20153,20366,20579,20792,21005,21218,21431,21644,21857,22070,22283,22496,-22660,-22447,-22234,-22021,-21808,-21595,-21382,-21169,-20956,-20743,-20530,-20317,-20104,-19891,-19678,-19465,-19252,-19039,-18826,-18613,-18400,-18187,-17974,-17761,-17548,-17335,-17122,-16909,-16696,-16483,-16270,-16057,-15844,-15631,-15418,-15205,-14992,-14779,-14566,-14353,-14140,-13927,-13714,-13501,-13288,-13075,-12862,-12649,-12436,-12223,-12010,-11797,-11584,-11371,-11158,-10945,-10732,-10519,-10306,-10093,-9880,-9667,-9454,-9241,-9028,-8815,-8602,-8389,-8176,-7963,-7750,-7537,-7324,-7111,-6898,-6685,-6472,-6259,-6046,-5833,-5620,-5407,-5194,-4981,-4768,-4555,-4342,-4129,-3916,-3703,-3490,-3277,-3064,-2851,-2638,-2425,-2212,-1999,-1786,-1573,-1360,-1147,-934,-721,-508,-295,-82,MAX=-22660
132,345,558,771,984,1197,1410,1623,1836,2049,2262,2475,2688,2901,3114,3327,3540,3753,3966,4179,4392,4605,4818,5031,5244,5457,5670,5883,6096,6309,6522,6735,6948,7161,7374,7587,7800,8013,8226,8439,8652,8865,9078,9291,9504,9717,9930,10143,10356,10569,10782,10995,11208,11421,11634,11847,12060,12273,12486,12699,12912,13125,13338,13551,13764,13977,14190,14403,14616,14829,15042,15255,15468,15681,15894,16107,16320,16533,16746,16959,17172,17253,17385,17598,17811,18024,18237,18450,18663,18876,19089,19302,19515,19728,19941,20154,20367,20580,20793,21006,21219,21432,21645,21858,22071,22284,22497,-22659,-22446,-22233,-22020,-21807,-21594,-21381,-21168,-20955,-20742,-20529,-20316,-20103,-19890,-19677,-19464,-19251,-19038,-18825,-18612,-18399,-18186,-17973,-17760,-17547,-17334,-17121,-16908,-16695,-16482,-16269,-16056,-15843,-15630,-15417,-15204,-14991,-14778,-14565,-14352,-14139,-13926,-13713,-13500,-13287,-13074,-12861,-12648,-12435,-12222,-12009,-11796,-11583,-11370,-11157,-10944,-10731,-10518,-10305,-10092,-9879,-9666,-9453,-9240,-9027,-8814,-8601,-8388,-8175,-7962,-7749,-7536,-7323,-7110,-6897,-6684,-6471,-6258,-6045,-5832,-5619,-5406,-5193,-4980,-4767,-4554,-4341,-4128,-3915,-3702,-3489,-3276,-3063,-2850,-2637,-2424,-2211,-1998,-1785,-1572,-1359,-1146,-933,-720,-507,-294,-81,MAX=-22659
133,346,559,772,985,1198,1411,1624,1837,2050,2263,2476,2689,2902,3115,3328,3541,3754,3967,4180,4393,4606,4819,5032,5245,5458,5671,5884,6097,6310,6523,6736,6949,7162,7375,7588,7801,8014,8227,8440,8653,8866,9079,9292,9505,9718,9931,10144,10357,10570,10783,10996,11209,11422,11635,11848,12061,12274,12487,12700,12913,13126,13339,13552,13765,13978,14191,14404,14617,14830,15043,15256,15469,15682,15895,16108,16321,16534,16747,16960,17040,17173,17386,17599,17812,18025,18238,18451,18664,18877,19090,19303,19516,19729,19942,20155,20368,20581,20794,21007,21220,21433,21646,21859,22072,22285,22498,-22658,-22445,-22232,-22019,-21806,-21593,-21380,-21167,-20954,-20741,-20528,-20315,-20102,-19889,-19676,-19463,-19250,-19037,-18824,-18611,-18398,-18185,-17972,-17759,-17546,-17333,-17120,-16907,-16694,-16481,-16268,-16055,-15842,-15629,-15416,-15203,-14990,-14777,-14564,-14351,-14138,-13925,-13712,-13499,-13286,-13073,-12860,-12647,-12434,-12221,-12008,-11795,-11582,-11369,-11156,-10943,-10730,-10517,-10304,-10091,-9878,-9665,-9452,-9239,-9026,-8813,-8600,-8387,-8174,-7961,-7748,-7535,-7322,-7109,-6896,-6683,-6470,-6257,-6044,-5831,-5618,-5405,-5192,-4979,-4766,-4553,-4340,-4127,-3914,-3701,-3488,-3275,-3062,-2849,-2636,-2423,-2210,-1997,-1784,-1571,-1358,-1145,-932,-719,-506,-293,-80,MAX=-22658
134,347,560,773,986,1199,1412,1625,1838,2051,2264,2477,2690,2903,3116,3329,3542,3755,3968,4181,4394,4607,4820,5033,5246,5459,5672,5885,6098,6311,6524,6737,6950,7163,7376,7589,7802,8015,8228,8441,8654,8867,9080,9293,9506,9719,9932,10145,10358,10571,10784,10997,11210,11423,11636,11849,12062,12275,12488,12701,12914,13127,13340,13553,13766,13979,14192,14405,14618,14831,15044,15257,15470,15683,15896,16109,16322,16535,16748,16827,16961,17174,17387,17600,17813,18026,18239,18452,18665,18878,19091,19304,19517,19730,19943,20156,20369,20582,20795,21008,21221,21434,21647,21860,22073,22286,22499,-22657,-22444,-22231,-22018,-21805,-21592,-21379,-21166,-20953,-20740,-20527,-20314,-20101,-19888,-19675,-19462,-19249,-19036,-18823,-18610,-18397,-18184,-17971,-17758,-17545,-17332,-17119,-16906,-16693,-16480,-16267,-16054,-15841,-15628,-15415,-15202,-14989,-14776,-14563,-14350,-14137,-13924,-13711,-13498,-13285,-13072,-12859,-12646,-12433,-12220,-12007,-11794,-11581,-11368,-11155,-10942,-10729,-10516,-10303,-10090,-9877,-9664,-9451,-9238,-9025,-8812,-8599,-8386,-8173,-7960,-7747,-7534,-7321,-7108,-6895,-6682,-6469,-6256,-6043,-5830,-5617,-5404,-5191,-4978,-4765,-4552,-4339,-4126,-3913,-3700,-3487,-3274,-3061,-2848,-2635,-2422,-2209,-1996,-1783,-1570,-1357,-1144,-931,-718,-505,-292,-79,MAX=-22657
135,348,561,774,987,1200,1413,1626,1839,2052,2265,2478,2691,2904,3117,3330,3543,3756,3969,4182,4395,4608,4821,5034,5247,5460,5673,5886,6099,6312,6525,6738,6951,7164,7377,7590,7803,8016,8229,8442,8655,8868,9081,9294,9507,9720,9933,10146,10359,10572,10785,10998,11211,11424,11637,11850,12063,12276,12489,12702,12915,13128,13341,13554,13767,13980,14193,14406,14619,14832,15045,15258,15471,15684,15897,16110,16323,16536,16614,16749,16962,17175,17388,17601,17814,18027,18240,18453,18666,18879,19092,19305,19518,19731,19944,20157,20370,20583,20796,21009,21222,21435,21648,21861,22074,22287,22500,-22656,-22443,-22230,-22017,-21804,-21591,-21378,-21165,-20952,-20739,-20526,-20313,-20100,-19887,-19674,-19461,-19248,-19035,-18822,-18609,-18396,-18183,-17970,-17757,-17544,-17331,-17118,-16905,-16692,-16479,-16266,-16053,-15840,-15627,-15414,-15201,-14988,-14775,-14562,-14349,-14136,-13923,-13710,-13497,-13284,-13071,-12858,-12645,-12432,-12219,-12006,-11793,-11580,-11367,-11154,-10941,-10728,-10515,-10302,-10089,-9876,-9663,-9450,-9237,-9024,-8811,-8598,-8385,-8172,-7959,-7746,-7533,-7320,-7107,-6894,-6681,-6468,-6255,-6042,-5829,-5616,-5403,-5190,-4977,-4764,-4551,-4338,-4125,-3912,-3699,-3486,-3273,-3060,-2847,-2634,-2421,-2208,-1995,-1782,-1569,-1356,-1143,-930,-717,-504,-291,-78,MAX=-22656
136,349,562,775,988,1201,1414,1627,1840,2053,2266,2479,2692,2905,3118,3331,3544,3757,3970,4183,4396,4609,4822,5035,5248,5461,5674,5887,6100,6313,6526,6739,6952,7165,7378,7591,7804,8017,8230,8443,8656,8869,9082,9295,9508,9721,9934,10147,10360,10573,10786,10999,11212,11425,11638,11851,12064,12277,12490,12703,12916,13129,13342,13555,13768,13981,14194,14407,14620,14833,15046,15259,15472,15685,15898,16111,16324,16401,16537,16750,16963,17176,17389,17602,17815,18028,18241,18454,18667,18880,19093,19306,19519,19732,19945,20158,20371,20584,20797,21010,21223,21436,21649,21862,22075,22288,22501,-22655,-22442,-22229,-22016,-21803,-21590,-21377,-21164,-20951,-20738,-20525,-20312,-20099,-19886,-19673,-19460,-19247,-19034,-18821,-18608,-18395,-18182,-17969,-17756,-17543,-17330,-17117,-16904,-16691,-16478,-16265,-16052,-15839,-15626,-15413,-15200,-14987,-14774,-14561,-14348,-14135,-13922,-13709,-13496,-13283,-13070,-12857,-12644,-12431,-12218,-12005,-11792,-11579,-11366,-11153,-10940,-10727,-10514,-10301,-10088,-9875,-9662,-9449,-9236,-9023,-8810,-8597,-8384,-8171,-7958,-7745,-7532,-7319,-7106,-6893,-6680,-6467,-6254,-6041,-5828,-5615,-5402,-5189,-4976,-4763,-4550,-4337,-4124,-3911,-3698,-3485,-3272,-3059,-2846,-2633,-2420,-2207,-1994,-1781,-1568,-1355,-1142,-929,-716,-503,-290,-77,MAX=-22655
137,350,563,776,989,1202,1415,1628,1841,2054,2267,2480,2693,2906,3119,3332,3545,3758,3971,4184,4397,4610,4823,5036,5249,5462,5675,5888,6101,6314,6527,6740,6953,7166,7379,7592,7805,8018,8231,8444,8657,8870,9083,9296,9509,9722,9935,10148,10361,10574,10787,11000,11213,11426,11639,11852,12065,12278,12491,12704,12917,13130,13343,13556,13769,13982,14195,14408,14621,14834,15047,15260,15473,15686,15899,16112,16188,16325,16538,16751,16964,17177,17390,17603,17816,18029,18242,18455,18668,18881,19094,19307,19520,19733,19946,20159,20372,20585,20798,21011,21224,21437,21650,21863,22076,22289,22502,-22654,-22441,-22228,-22015,-21802,-21589,-21376,-21163,-20950,-20737,-20524,-20311,-20098,-19885,-19672,-19459,-19246,-19033,-18820,-18607,-18394,-18181,-17968,-17755,-17542,-17329,-17116,-16903,-16690,-16477,-16264,-16051,-15838,-15625,-15412,-15199,-14986,-14773,-14560,-14347,-14134,-13921,-13708,-13495,-13282,-13069,-12856,-12643,-12430,-12217,-12004,-11791,-11578,-11365,-11152,-10939,-10726,-10513,-10300,-10087,-9874,-9661,-9448,-9235,-9022,-8809,-8596,-8383,-8170,-7957,-7744,-7531,-7318,-7105,-6892,-6679,-6466,-6253,-6040,-5827,-5614,-5401,-5188,-4975,-4762,-4549,-4336,-4123,-3910,-3697,-3484,-3271,-3058,-2845,-2632,-2419,-2206,-1993,-1780,-1567,-1354,-1141,-928,-715,-502,-289,-76,MAX=-22654
138,351,564,777,990,1203,1416,1629,1842,2055,2268,2481,2694,2907,3120,3333,3546,3759,3972,4185,4398,4611,4824,5037,5250,5463,5676,5889,6102,6315,6528,6741,6954,7167,7380,7593,7806,8019,8232,8445,8658,8871,9084,9297,9510,9723,9936,10149,10362,10575,10788,11001,11214,11427,11640,11853,12066,12279,12492,12705,12918,13131,13344,13557,13770,13983,14196,14409,14622,14835,15048,15261,15474,15687,15900,15975,16113,16326,16539,16752,16965,17178,17391,17604,17817,18030,18243,18456,18669,18882,19095,19308,19521,19734,19947,20160,20373,20586,20799,21012,21225,21438,21651,21864,22077,22290,22503,-22653,-22440,-22227,-22014,-21801,-21588,-21375,-21162,-20949,-20736,-20523,-20310,-20097,-19884,-19671,-19458,-19245,-19032,-18819,-18606,-18393,-18180,-17967,-17754,-17541,-17328,-17115,-16902,-16689,-16476,-16263,-16050,-15837,-15624,-15411,-15198,-14985,-14772,-14559,-14346,-14133,-13920,-13707,-13494,-13281,-13068,-12855,-12642,-12429,-12216,-12003,-11790,-11577,-11364,-11151,-10938,-10725,-10512,-10299,-10086,-9873,-9660,-9447,-9234,-9021,-8808,-8595,-8382,-8169,-7956,-7743,-7530,-7317,-7104,-6891,-6678,-6465,-6252,-6039,-5826,-5613,-5400,-5187,-4974,-4761,-4548,-4335,-4122,-3909,-3696,-3483,-3270,-3057,-2844,-2631,-2418,-2205,-1992,-1779,-1566,-1353,-1140,-927,-714,-501,-288,-75,MAX=-22653
139,352,565,778,991,1204,1417,1630,1843,2056,2269,2482,2695,2908,3121,3334,3547,3760,3973,4186,4399,4612,4825,5038,5251,5464,5677,5890,6103,6316,6529,6742,6955,7168,7381,7594,7807,8020,8233,8446,8659,8872,9085,9298,9511,9724,9937,10150,10363,10576,10789,11002,11215,11428,11641,11854,12067,12280,12493,12706,12919,13132,13345,13558,13771,13984,14197,14410,14623,14836,15049,15262,15475,15688,15762,15901,16114,16327,16540,16753,16966,17179,17392,17605,17818,18031,18244,18457,18670,18883,19096,19309,19522,19735,19948,20161,20374,20587,20800,21013,21226,21439,21652,21865,22078,22291,22504,-22652,-22439,-22226,-22013,-21800,-21587,-21374,-21161,-20948,-20735,-20522,-20309,-20096,-19883,-19670,-19457,-19244,-19031,-18818,-18605,-18392,-18179,-17966,-17753,-17540,-17327,-17114,-16901,-16688,-16475,-16262,-16049,-15836,-15623,-15410,-15197,-14984,-14771,-14558,-14345,-14132,-13919,-13706,-13493,-13280,-13067,-12854,-12641,-12428,-12215,-12002,-11789,-11576,-11363,-11150,-10937,-10724,-10511,-10298,-10085,-9872,-9659,-9446,-9233,-9020,-8807,-8594,-8381,-8168,-7955,-7742,-7529,-7316,-7103,-6890,-6677,-6464,-6251,-6038,-5825,-5612,-5399,-5186,-4973,-4760,-4547,-4334,-4121,-3908,-3695,-3482,-3269,-3056,-2843,-2630,-2417,-2204,-1991,-1778,-1565,-1352,-1139,-926,-713,-500,-287,-74,MAX=-22652
140,353,566,779,992,1205,1418,1631,1844,2057,2270,2483,2696,2909,3122,3335,3548,3761,3974,4187,4400,4613,4826,5039,5252,5465,5678,5891,6104,6317,6530,6743,6956,7169,7382,7595,7808,8021,8234,8447,8660,8873,9086,9299,9512,9725,9938,10151,10364,10577,10790,11003,11216,11429,11642,11855,12068,12281,12494,12707,12920,13133,13346,13559,13772,13985,14198,14411,14624,14837,15050,15263,15476,15549,15689,15902,16115,16328,16541,16754,16967,17180,17393,17606,17819,18032,18245,18458,18671,18884,19097,19310,19523,19736,19949,20162,20375,20588,20801,21014,21227,21440,21653,21866,22079,22292,22505,-22651,-22438,-22225,-22012,-21799,-21586,-21373,-21160,-20947,-20734,-20521,-20308,-20095,-19882,-19669,-19456,-19243,-19030,-18817,-18604,-18391,-18178,-17965,-17752,-17539,-17326,-17113,-16900,-16687,-16474,-16261,-16048,-15835,-15622,-15409,-15196,-14983,-14770,-14557,-14344,-14131,-13918,-13705,-13492,-13279,-13066,-12853,-12640,-12427,-12214,-12001,-11788,-11575,-11362,-11149,-10936,-10723,-10510,-10297,-10084,-9871,-9658,-9445,-9232,-9019,-8806,-8593,-8380,-8167,-7954,-7741,-7528,-7315,-7102,-6889,-6676,-6463,-6250,-6037,-5824,-5611,-5398,-5185,-4972,-4759,-4546,-4333,-4120,-3907,-3694,-3481,-3268,-3055,-2842,-2629,-2416,-2203,-1990,-1777,-1564,-1351,-1138,-925,-712,-499,-286,-73,MAX=-22651
141,354,567,780,993,1206,1419,1632,1845,2058,2271,2484,2697,2910,3123,3336,3549,3762,3975,4188,4401,4614,4827,5040,5253,5466,5679,5892,6105,6318,6531,6744,6957,7170,7383,7596,7809,8022,8235,8448,8661,8874,9087,9300,9513,9726,9939,10152,10365,10578,10791,11004,11217,11430,11643,11856,12069,12282,12495,12708,12921,13134,13347,13560,13773,13986,14199,14412,14625,14838,15051,15264,15336,15477,15690,15903,16116,16329,16542,16755,16968,17181,17394,17607,17820,18033,18246,18459,18672,18885,19098,19311,19524,19737,19950,20163,20376,20589,20802,21015,21228,21441,21654,21867,22080,22293,22506,-22650,-22437,-22224,-22011,-21798,-21585,-21372,-21159,-20946,-20733,-20520,-20307,-20094,-19881,-19668,-19455,-19242,-19029,-18816,-18603,-18390,-18177,-17964,-17751,-17538,-17325,-17112,-16899,-16686,-16473,-16260,-16047,-15834,-15621,-15408,-15195,-14982,-14769,-14556,-14343,-14130,-13917,-13704,-13491,-13278,-13065,-12852,-12639,-12426,-12213,-12000,-11787,-11574,-11361,-11148,-10935,-10722,-10509,-10296,-10083,-9870,-9657,-9444,-9231,-9018,-8805,-8592,-8379,-8166,-7953,-7740,-7527,-7314,-7101,-6888,-6675,-6462,-6249,-6036,-5823,-5610,-5397,-5184,-4971,-4758,-4545,-4332,-4119,-3906,-3693,-3480,-3267,-3054,-2841,-2628,-2415,-2202,-1989,-1776,-1563,-1350,-1137,-924,-711,-498,-285,-72,MAX=-22650
142,355,568,781,994,1207,1420,1633,1846,2059,2272,2485,2698,2911,3124,3337,3550,3763,3976,4189,4402,4615,4828,5041,5254,5467,5680,5893,6106,6319,6532,6745,6958,7171,7384,7597,7810,8023,8236,8449,8662,8875,9088,9301,9514,9727,9940,10153,10366,10579,10792,11005,11218,11431,11644,11857,12070,12283,12496,12709,12922,13135,13348,13561,13774,13987,14200,14413,14626,14839,15052,15123,15265,15478,15691,15904,16117,16330,16543,16756,16969,17182,17395,17608,17821,18034,18247,18460,18673,18886,19099,19312,19525,19738,19951,20164,20377,20590,20803,21016,21229,21442,21655,21868,22081,22294,22507,-22649,-22436,-22223,-22010,-21797,-21584,-21371,-21158,-20945,-20732,-20519,-20306,-20093,-19880,-19667,-19454,-19241,-19028,-18815,-18602,-18389,-18176,-17963,-17750,-17537,-17324,-17111,-16898,-16685,-16472,-16259,-16046,-15833,-15620,-15407,-15194,-14981,-14768,-14555,-14342,-14129,-13916,-13703,-13490,-13277,-13064,-12851,-12638,-12425,-12212,-11999,-11786,-11573,-11360,-11147,-10934,-10721,-10508,-10295,-10082,-9869,-9656,-9443,-9230,-9017,-8804,-8591,-8378,-8165,-7952,-7739,-7526,-7313,-7100,-6887,-6674,-6461,-6248,-6035,-5822,-5609,-5396,-5183,-4970,-4757,-4544,-4331,-4118,-3905,-3692,-3479,-3266,-3053,-2840,-2627,-2414,-2201,-1988,-1775,-1562,-1349,-1136,-923,-710,-497,-284,-71,MAX=-22649
143,356,569,782,995,1208,1421,1634,1847,2060,2273,2486,2699,2912,3125,3338,3551,3764,3977,4190,4403,4616,4829,5042,5255,5468,5681,5894,6107,6320,6533,6746,6959,7172,7385,7598,7811,8024,8237,8450,8663,8876,9089,9302,9515,9728,9941,10154,10367,10580,10793,11006,11219,11432,11645,11858,12071,12284,12497,12710,12923,13136,13349,13562,13775,13988,14201,14414,14627,14840,14910,15053,15266,15479,15692,15905,16118,16331,16544,16757,16970,17183,17396,17609,17822,18035,18248,18461,18674,18887,19100,19313,19526,19739,19952,20165,20378,20591,20804,21017,21230,21443,21656,21869,22082,22295,22508,-22648,-22435,-22222,-22009,-21796,-21583,-21370,-21157,-20944,-20731,-20518,-20305,-20092,-19879,-19666,-19453,-19240,-19027,-18814,-18601,-18388,-18175,-17962,-17749,-17536,-17323,-17110,-16897,-16684,-16471,-16258,-16045,-15832,-15619,-15406,-15193,-14980,-14767,-14554,-14341,-14128,-13915,-13702,-13489,-13276,-13063,-12850,-12637,-12424,-12211,-11998,-11785,-11572,-11359,-11146,-10933,-10720,-10507,-10294,-10081,-9868,-9655,-9442,-9229,-9016,-8803,-8590,-8377,-8164,-7951,-7738,-7525,-7312,-7099,-6886,-6673,-6460,-6247,-6034,-5821,-5608,-5395,-5182,-4969,-4756,-4543,-4330,-4117,-3904,-3691,-3478,-3265,-3052,-2839,-2626,-2413,-2200,-1987,-1774,-1561,-1348,-1135,-922,-709,-496,-283,-70,MAX=-22648
144,357,570,783,996,1209,1422,1635,1848,2061,2274,2487,2700,2913,3126,3339,3552,3765,3978,4191,4404,4617,4830,5043,5256,5469,5682,5895,6108,6321,6534,6747,6960,7173,7386,7599,7812,8025,8238,8451,8664,8877,9090,9303,9516,9729,9942,10155,10368,10581,10794,11007,11220,11433,11646,11859,12072,12285,12498,12711,12924,13137,13350,13563,13776,13989,14202,14415,14628,14697,14841,15054,15267,15480,15693,15906,16119,16332,16545,16758,16971,17184,17397,17610,17823,18036,18249,18462,18675,18888,19101,19314,19527,19740,19953,20166,20379,20592,20805,21018,21231,21444,21657,21870,22083,22296,22509,-22647,-22434,-22221,-22008,-21795,-21582,-21369,-21156,-20943,-20730,-20517,-20304,-20091,-19878,-19665,-19452,-19239,-19026,-18813,-18600,-18387,-18174,-17961,-17748,-17535,-17322,-17109,-16896,-16683,-16470,-16257,-16044,-15831,-15618,-15405,-15192,-14979,-14766,-14553,-14340,-14127,-13914,-13701,-13488,-13275,-13062,-12849,-12636,-12423,-12210,-11997,-11784,-11571,-11358,-11145,-10932,-10719,-10506,-10293,-10080,-9867,-9654,-9441,-9228,-9015,-8802,-8589,-8376,-8163,-7950,-7737,-7524,-7311,-7098,-6885,-6672,-6459,-6246,-6033,-5820,-5607,-5394,-5181,-4968,-4755,-4542,-4329,-4116,-3903,-3690,-3477,-3264,-3051,-2838,-2625,-2412,-2199,-1986,-1773,-1560,-1347,-1134,-921,-708,-495,-282,-69,MAX=-22647
145,358,571,784,997,1210,1423,1636,1849,2062,2275,2488,2701,2914,3127,3340,3553,3766,3979,4192,4405,4618,4831,5044,5257,5470,5683,5896,6109,6322,6535,6748,6961,7174,7387,7600,7813,8026,8239,8452,8665,8878,9091,9304,9517,9730,9943,10156,10369,10582,10795,11008,11221,11434,11647,11860,12073,12286,12499,12712,12925,13138,13351,13564,13777,13990,14203,14416,14484,14629,14842,15055,15268,15481,15694,15907,16120,16333,16546,16759,16972,17185,17398,17611,17824,18037,18250,18463,18676,18889,19102,19315,19528,19741,19954,20167,20380,20593,20806,21019,21232,21445,21658,21871,22084,22297,22510,-22646,-22433,-22220,-22007,-21794,-21581,-21368,-21155,-20942,-20729,-20516,-20303,-20090,-19877,-19664,-19451,-19238,-19025,-18812,-18599,-18386,-18173,-17960,-17747,-17534,-17321,-17108,-16895,-16682,-16469,-16256,-16043,-15830,-15617,-15404,-15191,-14978,-14765,-14552,-14339,-14126,-13913,-13700,-13487,-13274,-13061,-12848,-12635,-12422,-12209,-11996,-11783,-11570,-11357,-11144,-10931,-10718,-10505,-10292,-10079,-9866,-9653,-9440,-9227,-9014,-8801,-8588,-8375,-8162,-7949,-7736,-7523,-7310,-7097,-6884,-6671,-6458,-6245,-6032,-5819,-5606,-5393,-5180,-4967,-4754,-4541,-4328,-4115,-3902,-3689,-3476,-3263,-3050,-2837,-2624,-2411,-2198,-1985,-1772,-1559,-1346,-1133,-920,-707,-494,-281,-68,MAX=-22646
146,359,572,785,998,1211,1424,1637,1850,2063,2276,2489,2702,2915,3128,3341,3554,3767,3980,4193,4406,4619,4832,5045,5258,5471,5684,5897,6110,6323,6536,6749,6962,7175,7388,7601,7814,8027,8240,8453,8666,8879,9092,9305,9518,9731,9944,10157,10370,10583,10796,11009,11222,11435,11648,11861,12074,12287,12500,12713,12926,13139,13352,13565,13778,13991,14204,14271,14417,14630,14843,15056,15269,15482,15695,15908,16121,16334,16547,16760,16973,17186,17399,17612,17825,18038,18251,18464,18677,18890,19103,19316,19529,19742,19955,20168,20381,20594,20807,21020,21233,21446,21659,21872,22085,22298,22511,-22645,-22432,-22219,-22006,-21793,-21580,-21367,-21154,-20941,-20728,-20515,-20302,-20089,-19876,-19663,-19450,-19237,-19024,-18811,-18598,-18385,-18172,-17959,-17746,-17533,-17320,-17107,-16894,-16681,-16468,-16255,-16042,-15829,-15616,-15403,-15190,-14977,-14764,-14551,-14338,-14125,-13912,-13699,-13486,-13273,-13060,-12847,-12634,-12421,-12208,-11995,-11782,-11569,-11356,-11143,-10930,-10717,-10504,-10291,-10078,-9865,-9652,-9439,-9226,-9013,-8800,-8587,-8374,-8161,-7948,-7735,-7522,-7309,-7096,-6883,-6670,-6457,-6244,-6031,-5818,-5605,-5392,-5179,-4966,-4753,-4540,-4327,-4114,-3901,-3688,-3475,-3262,-3049,-2836,-2623,-2410,-2197,-1984,-1771,-1558,-1345,-1132,-919,-706,-493,-280,-67,MAX=-22645
147,360,573,786,999,1212,1425,1638,1851,2064,2277,2490,2703,2916,3129,3342,3555,3768,3981,4194,4407,4620,4833,5046,5259,5472,5685,5898,6111,6324,6537,6750,6963,7176,7389,7602,7815,8028,8241,8454,8667,8880,9093,9306,9519,9732,9945,10158,10371,10584,10797,11010,11223,11436,11649,11862,12075,12288,12501,12714,12927,13140,13353,13566,13779,13992,14058,14205,14418,14631,14844,15057,15270,15483,15696,15909,16122,16335,16548,16761,16974,17187,17400,17613,17826,18039,18252,18465,18678,18891,19104,19317,19530,19743,19956,20169,20382,20595,20808,21021,21234,21447,21660,21873,22086,22299,22512,-22644,-22431,-22218,-22005,-21792,-21579,-21366,-21153,-20940,-20727,-20514,-20301,-20088,-19875,-19662,-19449,-19236,-19023,-18810,-18597,-18384,-18171,-17958,-17745,-17532,-17319,-17106,-16893,-16680,-16467,-16254,-16041,-15828,-15615,-15402,-15189,-14976,-14763,-14550,-14337,-14124,-13911,-13698,-13485,-13272,-13059,-12846,-12633,-12420,-12207,-11994,-11781,-11568,-11355,-11142,-10929,-10716,-10503,-10290,-10077,-9864,-9651,-9438,-9225,-9012,-8799,-8586,-8373,-8160,-7947,-7734,-7521,-7308,-7095,-6882,-6669,-6456,-6243,-6030,-5817,-5604,-5391,-5178,-4965,-4752,-4539,-4326,-4113,-3900,-3687,-3474,-3261,-3048,-2835,-2622,-2409,-2196,-1983,-1770,-1557,-1344,-1131,-918,-705,-492,-279,-66,MAX=-22644
148,361,574,787,1000,1213,1426,1639,1852,2065,2278,2491,2704,2917,3130,3343,3556,3769,3982,4195,4408,4621,4834,5047,5260,5473,5686,5899,6112,6325,6538,6751,6964,7177,7390,7603,7816,8029,8242,8455,8668,8881,9094,9307,9520,9733,9946,10159,10372,10585,10798,11011,11224,11437,11650,11863,12076,12289,12502,12715,12928,13141,13354,13567,13780,13845,13993,14206,14419,14632,14845,15058,15271,15484,15697,15910,16123,16336,16549,16762,16975,17188,17401,17614,17827,18040,18253,18466,18679,18892,19105,19318,19531,19744,19957,20170,20383,20596,20809,21022,21235,21448,21661,21874,22087,22300,22513,-22643,-22430,-22217,-22004,-21791,-21578,-21365,-21152,-20939,-20726,-20513,-20300,-20087,-19874,-19661,-19448,-19235,-19022,-18809,-18596,-18383,-18170,-17957,-17744,-17531,-17318,-17105,-16892,-16679,-16466,-16253,-16040,-15827,-15614,-15401,-15188,-14975,-14762,-14549,-14336,-14123,-13910,-13697,-13484,-13271,-13058,-12845,-12632,-12419,-12206,-11993,-11780,-11567,-11354,-11141,-10928,-10715,-10502,-10289,-10076,-9863,-9650,-9437,-9224,-9011,-8798,-8585,-8372,-8159,-7946,-7733,-7520,-7307,-7094,-6881,-6668,-6455,-6242,-6029,-5816,-5603,-5390,-5177,-4964,-4751,-4538,-4325,-4112,-3899,-3686,-3473,-3260,-3047,-2834,-2621,-2408,-2195,-1982,-1769,-1556,-1343,-1130,-917,-704,-491,-278,-65,MAX=-22643
149,362,575,788,1001,1214,1427,1640,1853,2066,2279,2492,2705,2918,3131,3344,3557,3770,3983,4196,4409,4622,4835,5048,5261,5474,5687,5900,6113,6326,6539,6752,6965,7178,7391,7604,7817,8030,8243,8456,8669,8882,9095,9308,9521,9734,9947,10160,10373,10586,10799,11012,11225,11438,11651,11864,12077,12290,12503,12716,12929,13142,13355,13568,13632,13781,13994,14207,14420,14633,14846,15059,15272,15485,15698,15911,16124,16337,16550,16763,16976,17189,17402,17615,17828,18041,18254,18467,18680,18893,19106,19319,19532,19745,19958,20171,20384,20597,20810,21023,21236,21449,21662,21875,22088,22301,22514,-22642,-22429,-22216,-22003,-21790,-21577,-21364,-21151,-20938,-20725,-20512,-20299,-20086,-19873,-19660,-19447,-19234,-19021,-18808,-18595,-18382,-18169,-17956,-17743,-17530,-17317,-17104,-16891,-16678,-16465,-16252,-16039,-15826,-15613,-15400,-15187,-14974,-14761,-14548,-14335,-14122,-13909,-13696,-13483,-13270,-13057,-12844,-12631,-12418,-12205,-11992,-11779,-11566,-11353,-11140,-10927,-10714,-10501,-10288,-10075,-9862,-9649,-9436,-9223,-9010,-8797,-8584,-8371,-8158,-7945,-7732,-7519,-7306,-7093,-6880,-6667,-6454,-6241,-6028,-5815,-5602,-5389,-5176,-4963,-4750,-4537,-4324,-4111,-3898,-3685,-3472,-3259,-3046,-2833,-2620,-2407,-2194,-1981,-1768,-1555,-1342,-1129,-916,-703,-490,-277,-64,MAX=-22642
150,363,576,789,1002,1215,1428,1641,1854,2067,2280,2493,2706,2919,3132,3345,3558,3771,3984,4197,4410,4623,4836,5049,5262,5475,5688,5901,6114,6327,6540,6753,6966,7179,7392,7605,7818,8031,8244,8457,8670,8883,9096,9309,9522,9735,9948,10161,10374,10587,10800,11013,11226,11439,11652,11865,12078,12291,12504,12717,12930,13143,13356,13419,13569,13782,13995,14208,14421,14634,14847,15060,15273,15486,15699,15912,16125,16338,16551,16764,16977,17190,17403,17616,17829,18042,18255,18468,18681,18894,19107,19320,19533,19746,19959,20172,20385,20598,20811,21024,21237,21450,21663,21876,22089,22302,22515,-22641,-22428,-22215,-22002,-21789,-21576,-21363,-21150,-20937,-20724,-20511,-20298,-20085,-19872,-19659,-19446,-19233,-19020,-18807,-18594,-18381,-18168,-17955,-17742,-17529,-17316,-17103,-16890,-16677,-16464,-16251,-16038,-15825,-15612,-15399,-15186,-14973,-14760,-14547,-14334,-14121,-13908,-13695,-13482,-13269,-13056,-12843,-12630,-12417,-12204,-11991,-11778,-11565,-11352,-11139,-10926,-10713,-10500,-10287,-10074,-9861,-9648,-9435,-9222,-9009,-8796,-8583,-8370,-8157,-7944,-7731,-7518,-7305,-7092,-6879,-6666,-6453,-6240,-6027,-5814,-5601,-5388,-5175,-4962,-4749,-4536,-4323,-4110,-3897,-3684,-3471,-3258,-3045,-2832,-2619,-2406,-2193,-1980,-1767,-1554,-1341,-1128,-915,-702,-489,-276,-63,MAX=-22641
151,364,577,790,1003,1216,1429,1642,1855,2068,2281,2494,2707,2920,3133,3346,3559,3772,3985,4198,4411,4624,4837,5050,5263,5476,5689,5902,6115,6328,6541,6754,6967,7180,7393,7606,7819,8032,8245,8458,8671,8884,9097,9310,9523,9736,9949,10162,10375,10588,10801,11014,11227,11440,11653,11866,12079,12292,12505,12718,12931,13144,13206,13357,13570,13783,13996,14209,14422,14635,14848,15061,15274,15487,15700,15913,16126,16339,16552,16765,16978,17191,17404,17617,17830,18043,18256,18469,18682,18895,19108,19321,19534,19747,19960,20173,20386,20599,20812,21025,21238,21451,21664,21877,22090,22303,22516,-22640,-22427,-22214,-22001,-21788,-21575,-21362,-21149,-20936,-20723,-20510,-20297,-20084,-19871,-19658,-19445,-19232,-19019,-18806,-18593,-18380,-18167,-17954,-17741,-17528,-17315,-17102,-16889,-16676,-16463,-16250,-16037,-15824,-15611,-15398,-15185,-14972,-14759,-14546,-14333,-14120,-13907,-13694,-13481,-13268,-13055,-12842,-12629,-12416,-12203,-11990,-11777,-11564,-11351,-11138,-10925,-10712,-10499,-10286,-10073,-9860,-9647,-9434,-9221,-9008,-8795,-8582,-8369,-8156,-7943,-7730,-7517,-7304,-7091,-6878,-6665,-6452,-6239,-6026,-5813,-5600,-5387,-5174,-4961,-4748,-4535,-4322,-4109,-3896,-3683,-3470,-3257,-3044,-2831,-2618,-2405,-2192,-1979,-1766,-1553,-1340,-1127,-914,-701,-488,-275,-62,MAX=-22640
152,365,578,791,1004,1217,1430,1643,1856,2069,2282,2495,2708,2921,3134,3347,3560,3773,3986,4199,4412,4625,4838,5051,5264,5477,5690,5903,6116,6329,6542,6755,6968,7181,7394,7607,7820,8033,8246,8459,8672,8885,9098,9311,9524,9737,9950,10163,10376,10589,10802,11015,11228,11441,11654,11867,12080,12293,12506,12719,12932,12993,13145,13358,13571,13784,13997,14210,14423,14636,14849,15062,15275,15488,15701,15914,16127,16340,16553,16766,16979,17192,17405,17618,17831,18044,18257,18470,18683,18896,19109,19322,19535,19748,19961,20174,20387,20600,20813,21026,21239,21452,21665,21878,22091,22304,22517,-22639,-22426,-22213,-22000,-21787,-21574,-21361,-21148,-20935,-20722,-20509,-20296,-20083,-19870,-19657,-19444,-19231,-19018,-18805,-18592,-18379,-18166,-17953,-17740,-17527,-17314,-17101,-16888,-16675,-16462,-16249,-16036,-15823,-15610,-15397,-15184,-14971,-14758,-14545,-14332,-14119,-13906,-13693,-13480,-13267,-13054,-12841,-12628,-12415,-12202,-11989,-11776,-11563,-11350,-11137,-10924,-10711,-10498,-10285,-10072,-9859,-9646,-9433,-9220,-9007,-8794,-8581,-8368,-8155,-7942,-7729,-7516,-7303,-7090,-6877,-6664,-6451,-6238,-6025,-5812,-5599,-5386,-5173,-4960,-4747,-4534,-4321,-4108,-3895,-3682,-3469,-3256,-3043,-2830,-2617,-2404,-2191,-1978,-1765,-1552,-1339,-1126,-913,-700,-487,-274,-61,MAX=-22639
153,366,579,792,1005,1218,1431,1644,1857,2070,2283,2496,2709,2922,3135,3348,3561,3774,3987,4200,4413,4626,4839,5052,5265,5478,5691,5904,6117,6330,6543,6756,6969,7182,7395,7608,7821,8034,8247,8460,8673,8886,9099,9312,9525,9738,9951,10164,10377,10590,10803,11016,11229,11442,11655,11868,12081,12294,12507,12720,12780,12933,13146,13359,13572,13785,13998,14211,14424,14637,14850,15063,15276,15489,15702,15915,16128,16341,16554,16767,16980,17193,17406,17619,17832,18045,18258,18471,18684,18897,19110,19323,19536,19749,19962,20175,20388,20601,20814,21027,21240,21453,21666,21879,22092,22305,22518,-22638,-22425,-22212,-21999,-21786,-21573,-21360,-21147,-20934,-20721,-20508,-20295,-20082,-19869,-19656,-19443,-19230,-19017,-18804,-18591,-18378,-18165,-17952,-17739,-17526,-17313,-17100,-16887,-16674,-16461,-16248,-16035,-15822,-15609,-15396,-15183,-14970,-14757,-14544,-14331,-14118,-13905,-13692,-13479,-13266,-13053,-12840,-12627,-12414,-12201,-11988,-11775,-11562,-11349,-11136,-10923,-10710,-10497,-10284,-10071,-9858,-9645,-9432,-9219,-9006,-8793,-8580,-8367,-8154,-7941,-7728,-7515,-7302,-7089,-6876,-6663,-6450,-6237,-6024,-5811,-5598,-5385,-5172,-4959,-4746,-4533,-4320,-4107,-3894,-3681,-3468,-3255,-3042,-2829,-2616,-2403,-2190,-1977,-1764,-1551,-1338,-1125,-912,-699,-486,-273,-60,MAX=-22638
154,367,580,793,1006,1219,1432,1645,1858,2071,2284,2497,2710,2923,3136,3349,3562,3775,3988,4201,4414,4627,4840,5053,5266,5479,5692,5905,6118,6331,6544,6757,6970,7183,7396,7609,7822,8035,8248,8461,8674,8887,9100,9313,9526,9739,9952,10165,10378,10591,10804,11017,11230,11443,11656,11869,12082,12295,12508,12567,12721,12934,13147,13360,13573,13786,13999,14212,14425,14638,14851,15064,15277,15490,15703,15916,16129,16342,16555,16768,16981,17194,17407,17620,17833,18046,18259,18472,18685,18898,19111,19324,19537,19750,19963,20176,20389,20602,20815,21028,21241,21454,21667,21880,22093,22306,22519,-22637,-22424,-22211,-21998,-21785,-21572,-21359,-21146,-20933,-20720,-20507,-20294,-20081,-19868,-19655,-19442,-19229,-19016,-18803,-18590,-18377,-18164,-17951,-17738,-17525,-17312,-17099,-16886,-16673,-16460,-16247,-16034,-15821,-15608,-15395,-15182,-14969,-14756,-14543,-14330,-14117,-13904,-13691,-13478,-13265,-13052,-12839,-12626,-12413,-12200,-11987,-11774,-11561,-11348,-11135,-10922,-10709,-10496,-10283,-10070,-9857,-9644,-9431,-9218,-9005,-8792,-8579,-8366,-8153,-7940,-7727,-7514,-7301,-7088,-6875,-6662,-6449,-6236,-6023,-5810,-5597,-5384,-5171,-4958,-4745,-4532,-4319,-4106,-3893,-3680,-3467,-3254,-3041,-2828,-2615,-2402,-2189,-1976,-1763,-1550,-1337,-1124,-911,-698,-485,-272,-59,MAX=-22637
155,368,581,794,1007,1220,1433,1646,1859,2072,2285,2498,2711,2924,3137,3350,3563,3776,3989,4202,4415,4628,4841,5054,5267,5480,5693,5906,6119,6332,6545,6758,6971,7184,7397,7610,7823,8036,8249,8462,8675,8888,9101,9314,9527,9740,9953,10166,10379,10592,10805,11018,11231,11444,11657,11870,12083,12296,12354,12509,12722,12935,13148,13361,13574,13787,14000,14213,14426,14639,14852,15065,15278,15491,15704,15917,16130,16343,16556,16769,16982,17195,17408,17621,17834,18047,18260,18473,18686,18899,19112,19325,19538,19751,19964,20177,20390,20603,20816,21029,21242,21455,21668,21881,22094,22307,22520,-22636,-22423,-22210,-21997,-21784,-21571,-21358,-21145,-20932,-20719,-20506,-20293,-20080,-19867,-19654,-19441,-19228,-19015,-18802,-18589,-18376,-18163,-17950,-17737,-17524,-17311,-17098,-16885,-16672,-16459,-16246,-16033,-15820,-15607,-15394,-15181,-14968,-14755,-14542,-14329,-14116,-13903,-13690,-13477,-13264,-13051,-12838,-12625,-12412,-12199,-11986,-11773,-11560,-11347,-11134,-10921,-10708,-10495,-10282,-10069,-9856,-9643,-9430,-9217,-9004,-8791,-8578,-8365,-8152,-7939,-7726,-7513,-7300,-7087,-6874,-6661,-6448,-6235,-6022,-5809,-5596,-5383,-5170,-4957,-4744,-4531,-4318,-4105,-3892,-3679,-3466,-3253,-3040,-2827,-2614,-2401,-2188,-1975,-1762,-1549,-1336,-1123,-910,-697,-484,-271,-58,MAX=-22636
156,369,582,795,1008,1221,1434,1647,1860,2073,2286,2499,2712,2925,3138,3351,3564,3777,3990,4203,4416,4629,4842,5055,5268,5481,5694,5907,6120,6333,6546,6759,6972,7185,7398,7611,7824,8037,8250,8463,8676,8889,9102,9315,9528,9741,9954,10167,10380,10593,10806,11019,11232,11445,11658,11871,12084,12141,12297,12510,12723,12936,13149,13362,13575,13788,14001,14214,14427,14640,14853,15066,15279,15492,15705,15918,16131,16344,16557,16770,16983,17196,17409,17622,17835,18048,18261,18474,18687,18900,19113,19326,19539,19752,19965,20178,20391,20604,20817,21030,21243,21456,21669,21882,22095,22308,22521,-22635,-22422,-22209,-21996,-21783,-21570,-21357,-21144,-20931,-20718,-20505,-20292,-20079,-19866,-19653,-19440,-19227,-19014,-18801,-18588,-18375,-18162,-17949,-17736,-17523,-17310,-17097,-16884,-16671,-16458,-16245,-16032,-15819,-15606,-15393,-15180,-14967,-14754,-14541,-14328,-14115,-13902,-13689,-13476,-13263,-13050,-12837,-12624,-12411,-12198,-11985,-11772,-11559,-11346,-11133,-10920,-10707,-10494,-10281,-10068,-9855,-9642,-9429,-9216,-9003,-8790,-8577,-8364,-8151,-7938,-7725,-7512,-7299,-7086,-6873,-6660,-6447,-6234,-6021,-5808,-5595,-5382,-5169,-4956,-4743,-4530,-4317,-4104,-3891,-3678,-3465,-3252,-3039,-2826,-2613,-2400,-2187,-1974,-1761,-1548,-1335,-1122,-909,-696,-483,-270,-57,MAX=-22635
157,370,583,796,1009,1222,1435,1648,1861,2074,2287,2500,2713,2926,3139,3352,3565,3778,3991,4204,4417,4630,4843,5056,5269,5482,5695,5908,6121,6334,6547,6760,6973,7186,7399,7612,7825,8038,8251,8464,8677,8890,9103,9316,9529,9742,9955,10168,10381,10594,10807,11020,11233,11446,11659,11872,11928,12085,12298,12511,12724,12937,13150,13363,13576,13789,14002,14215,14428,14641,14854,15067,15280,15493,15706,15919,16132,16345,16558,16771,16984,17197,17410,17623,17836,18049,18262,18475,18688,18901,19114,19327,19540,19753,19966,20179,20392,20605,20818,21031,21244,21457,21670,21883,22096,22309,22522,-22634,-22421,-22208,-21995,-21782,-21569,-21356,-21143,-20930,-20717,-20504,-20291,-20078,-19865,-19652,-19439,-19226,-19013,-18800,-18587,-18374,-18161,-17948,-17735,-17522,-17309,-17096,-16883,-16670,-16457,-16244,-16031,-15818,-15605,-15392,-15179,-14966,-14753,-14540,-14327,-14114,-13901,-13688,-13475,-13262,-13049,-12836,-12623,-12410,-12197,-11984,-11771,-11558,-11345,-11132,-10919,-10706,-10493,-10280,-10067,-9854,-9641,-9428,-9215,-9002,-8789,-8576,-8363,-8150,-7937,-7724,-7511,-7298,-7085,-6872,-6659,-6446,-6233,-6020,-5807,-5594,-5381,-5168,-4955,-4742,-4529,-4316,-4103,-3890,-3677,-3464,-3251,-3038,-2825,-2612,-2399,-2186,-1973,-1760,-1547,-1334,-1121,-908,-695,-482,-269,-56,MAX=-22634
158,371,584,797,1010,1223,1436,1649,1862,2075,2288,2501,2714,2927,3140,3353,3566,3779,3992,4205,4418,4631,4844,5057,5270,5483,5696,5909,6122,6335,6548,6761,6974,7187,7400,7613,7826,8039,8252,8465,8678,8891,9104,9317,9530,9743,9956,10169,10382,10595,10808,11021,11234,11447,11660,11715,11873,12086,12299,12512,12725,12938,13151,13364,13577,13790,14003,14216,14429,14642,14855,15068,15281,15494,15707,15920,16133,16346,16559,16772,16985,17198,17411,17624,17837,18050,18263,18476,18689,18902,19115,19328,19541,19754,19967,20180,20393,20606,20819,21032,21245,21458,21671,21884,22097,22310,22523,-22633,-22420,-22207,-21994,-21781,-21568,-21355,-21142,-20929,-20716,-20503,-20290,-20077,-19864,-19651,-19438,-19225,-19012,-18799,-18586,-18373,-18160,-17947,-17734,-17521,-17308,-17095,-16882,-16669,-16456,-16243,-16030,-15817,-15604,-15391,-15178,-14965,-14752,-14539,-14326,-14113,-13900,-13687,-13474,-13261,-13048,-12835,-12622,-12409,-12196,-11983,-11770,-11557,-11344,-11131,-10918,-10705,-10492,-10279,-10066,-9853,-9640,-9427,-9214,-9001,-8788,-8575,-8362,-8149,-7936,-7723,-7510,-7297,-7084,-6871,-6658,-6445,-6232,-6019,-5806,-5593,-5380,-5167,-4954,-4741,-4528,-4315,-4102,-3889,-3676,-3463,-3250,-3037,-2824,-2611,-2398,-2185,-1972,-1759,-1546,-1333,-1120,-907,-694,-481,-268,-55,MAX=-22633
159,372,585,798,1011,1224,1437,1650,1863,2076,2289,2502,2715,2928,3141,3354,3567,3780,3993,4206,4419,4632,4845,5058,5271,5484,5697,5910,6123,6336,6549,6762,6975,7188,7401,7614,7827,8040,8253,8466,8679,8892,9105,9318,9531,9744,9957,10170,10383,10596,10809,11022,11235,11448,11502,11661,11874,12087,12300,12513,12726,12939,13152,13365,13578,13791,14004,14217,14430,14643,14856,15069,15282,15495,15708,15921,16134,16347,16560,16773,16986,17199,17412,17625,17838,18051,18264,18477,18690,18903,19116,19329,19542,19755,19968,20181,20394,20607,20820,21033,21246,21459,21672,21885,22098,22311,22524,-22632,-22419,-22206,-21993,-21780,-21567,-21354,-21141,-20928,-20715,-20502,-20289,-20076,-19863,-19650,-19437,-19224,-19011,-18798,-18585,-18372,-18159,-17946,-17733,-17520,-17307,-17094,-16881,-16668,-16455,-16242,-16029,-15816,-15603,-15390,-15177,-14964,-14751,-14538,-14325,-14112,-13899,-13686,-13473,-13260,-13047,-12834,-12621,-12408,-12195,-11982,-11769,-11556,-11343,-11130,-10917,-10704,-10491,-10278,-10065,-9852,-9639,-9426,-9213,-9000,-8787,-8574,-8361,-8148,-7935,-7722,-7509,-7296,-7083,-6870,-6657,-6444,-6231,-6018,-5805,-5592,-5379,-5166,-4953,-4740,-4527,-4314,-4101,-3888,-3675,-3462,-3249,-3036,-2823,-2610,-2397,-2184,-1971,-1758,-1545,-1332,-1119,-906,-693,-480,-267,-54,MAX=-22632
160,373,586,799,1012,1225,1438,1651,1864,2077,2290,2503,2716,2929,3142,3355,3568,3781,3994,4207,4420,4633,4846,5059,5272,5485,5698,5911,6124,6337,6550,6763,6976,7189,7402,7615,7828,8041,8254,8467,8680,8893,9106,9319,9532,9745,9958,10171,10384,10597,10810,11023,11236,11289,11449,11662,11875,12088,12301,12514,12727,12940,13153,13366,13579,13792,14005,14218,14431,14644,14857,15070,15283,15496,15709,15922,16135,16348,16561,16774,16987,17200,17413,17626,17839,18052,18265,18478,18691,18904,19117,19330,19543,19756,19969,20182,20395,20608,20821,21034,21247,21460,21673,21886,22099,22312,22525,-22631,-22418,-22205,-21992,-21779,-21566,-21353,-21140,-20927,-20714,-20501,-20288,-20075,-19862,-19649,-19436,-19223,-19010,-18797,-18584,-18371,-18158,-17945,-17732,-17519,-17306,-17093,-16880,-16667,-16454,-16241,-16028,-15815,-15602,-15389,-15176,-14963,-14750,-14537,-14324,-14111,-13898,-13685,-13472,-13259,-13046,-12833,-12620,-12407,-12194,-11981,-11768,-11555,-11342,-11129,-10916,-10703,-10490,-10277,-10064,-9851,-9638,-9425,-9212,-8999,-8786,-8573,-8360,-8147,-7934,-7721,-7508,-7295,-7082,-6869,-6656,-6443,-6230,-6017,-5804,-5591,-5378,-5165,-4952,-4739,-4526,-4313,-4100,-3887,-3674,-3461,-3248,-3035,-2822,-2609,-2396,-2183,-1970,-1757,-1544,-1331,-1118,-905,-692,-479,-266,-53,MAX=-22631
161,374,587,800,1013,1226,1439,1652,1865,2078,2291,2504,2717,2930,3143,3356,3569,3782,3995,4208,4421,4634,4847,5060,5273,5486,5699,5912,6125,6338,6551,6764,6977,7190,7403,7616,7829,8042,8255,8468,8681,8894,9107,9320,9533,9746,9959,10172,10385,10598,10811,11024,11076,11237,11450,11663,11876,12089,12302,12515,12728,12941,13154,13367,13580,13793,14006,14219,14432,14645,14858,15071,15284,15497,15710,15923,16136,16349,16562,16775,16988,17201,17414,17627,17840,18053,18266,18479,18692,18905,19118,19331,19544,19757,19970,20183,20396,20609,20822,21035,21248,21461,21674,21887,22100,22313,22526,-22630,-22417,-22204,-21991,-21778,-21565,-21352,-21139,-20926,-20713,-20500,-20287,-20074,-19861,-19648,-19435,-19222,-19009,-18796,-18583,-18370,-18157,-17944,-17731,-17518,-17305,-17092,-16879,-16666,-16453,-16240,-16027,-15814,-15601,-15388,-15175,-14962,-14749,-14536,-14323,-14110,-13897,-13684,-13471,-13258,-13045,-12832,-12619,-12406,-12193,-11980,-11767,-11554,-11341,-11128,-10915,-10702,-10489,-10276,-10063,-9850,-9637,-9424,-9211,-8998,-8785,-8572,-8359,-8146,-7933,-7720,-7507,-7294,-7081,-6868,-6655,-6442,-6229,-6016,-5803,-5590,-5377,-5164,-4951,-4738,-4525,-4312,-4099,-3886,-3673,-3460,-3247,-3034,-2821,-2608,-2395,-2182,-1969,-1756,-1543,-1330,-1117,-904,-691,-478,-265,-52,MAX=-22630
162,375,588,801,1014,1227,1440,1653,1866,2079,2292,2505,2718,2931,3144,3357,3570,3783,3996,4209,4422,4635,4848,5061,5274,5487,5700,5913,6126,6339,6552,6765,6978,7191,7404,7617,7830,8043,8256,8469,8682,8895,9108,9321,9534,9747,9960,10173,10386,10599,10812,10863,11025,11238,11451,11664,11877,12090,12303,12516,12729,12942,13155,13368,13581,13794,14007,14220,14433,14646,14859,15072,15285,15498,15711,15924,16137,16350,16563,16776,16989,17202,17415,17628,17841,18054,18267,18480,18693,18906,19119,19332,19545,19758,19971,20184,20397,20610,20823,21036,21249,21462,21675,21888,22101,22314,22527,-22629,-22416,-22203,-21990,-21777,-21564,-21351,-21138,-20925,-20712,-20499,-20286,-20073,-19860,-19647,-19434,-19221,-19008,-18795,-18582,-18369,-18156,-17943,-17730,-17517,-17304,-17091,-16878,-16665,-16452,-16239,-16026,-15813,-15600,-15387,-15174,-14961,-14748,-14535,-14322,-14109,-13896,-13683,-13470,-13257,-13044,-12831,-12618,-12405,-12192,-11979,-11766,-11553,-11340,-11127,-10914,-10701,-10488,-10275,-10062,-9849,-9636,-9423,-9210,-8997,-8784,-8571,-8358,-8145,-7932,-7719,-7506,-7293,-7080,-6867,-6654,-6441,-6228,-6015,-5802,-5589,-5376,-5163,-4950,-4737,-4524,-4311,-4098,-3885,-3672,-3459,-3246,-3033,-2820,-2607,-2394,-2181,-1968,-1755,-1542,-1329,-1116,-903,-690,-477,-264,-51,MAX=-22629
163,376,589,802,1015,1228,1441,1654,1867,2080,2293,2506,2719,2932,3145,3358,3571,3784,3997,4210,4423,4636,4849,5062,5275,5488,5701,5914,6127,6340,6553,6766,6979,7192,7405,7618,7831,8044,8257,8470,8683,8896,9109,9322,9535,9748,9961,10174,10387,10600,10650,10813,11026,11239,11452,11665,11878,12091,12304,12517,12730,12943,13156,13369,13582,13795,14008,14221,14434,14647,14860,15073,15286,15499,15712,15925,16138,16351,16564,16777,16990,17203,17416,17629,17842,18055,18268,18481,18694,18907,19120,19333,19546,19759,19972,20185,20398,20611,20824,21037,21250,21463,21676,21889,22102,22315,22528,-22628,-22415,-22202,-21989,-21776,-21563,-21350,-21137,-20924,-20711,-20498,-20285,-20072,-19859,-19646,-19433,-19220,-19007,-18794,-18581,-18368,-18155,-17942,-17729,-17516,-17303,-17090,-16877,-16664,-16451,-16238,-16025,-15812,-15599,-15386,-15173,-14960,-14747,-14534,-14321,-14108,-13895,-13682,-13469,-13256,-13043,-12830,-12617,-12404,-12191,-11978,-11765,-11552,-11339,-11126,-10913,-10700,-10487,-10274,-10061,-9848,-9635,-9422,-9209,-8996,-8783,-8570,-8357,-8144,-7931,-7718,-7505,-7292,-7079,-6866,-6653,-6440,-6227,-6014,-5801,-5588,-5375,-5162,-4949,-4736,-4523,-4310,-4097,-3884,-3671,-3458,-3245,-3032,-2819,-2606,-2393,-2180,-1967,-1754,-1541,-1328,-1115,-902,-689,-476,-263,-50,MAX=-22628
164,377,590,803,1016,1229,1442,1655,1868,2081,2294,2507,2720,2933,3146,3359,3572,3785,3998,4211,4424,4637,4850,5063,5276,5489,5702,5915,6128,6341,6554,6767,6980,7193,7406,7619,7832,8045,8258,8471,8684,8897,9110,9323,9536,9749,9962,10175,10388,10437,10601,10814,11027,11240,11453,11666,11879,12092,12305,12518,12731,12944,13157,13370,13583,13796,14009,14222,14435,14648,14861,15074,15287,15500,15713,15926,16139,16352,16565,16778,16991,17204,17417,17630,17843,18056,18269,18482,18695,18908,19121,19334,19547,19760,19973,20186,20399,20612,20825,21038,21251,21464,21677,21890,22103,22316,22529,-22627,-22414,-22201,-21988,-21775,-21562,-21349,-21136,-20923,-20710,-20497,-20284,-20071,-19858,-19645,-19432,-19219,-19006,-18793,-18580,-18367,-18154,-17941,-17728,-17515,-17302,-17089,-16876,-16663,-16450,-16237,-16024,-15811,-15598,-15385,-15172,-14959,-14746,-14533,-14320,-14107,-13894,-13681,-13468,-13255,-13042,-12829,-12616,-12403,-12190,-11977,-11764,-11551,-11338,-11125,-10912,-10699,-10486,-10273,-10060,-9847,-9634,-9421,-9208,-8995,-8782,-8569,-8356,-8143,-7930,-7717,-7504,-7291,-7078,-6865,-6652,-6439,-6226,-6013,-5800,-5587,-5374,-5161,-4948,-4735,-4522,-4309,-4096,-3883,-3670,-3457,-3244,-3031,-2818,-2605,-2392,-2179,-1966,-1753,-1540,-1327,-1114,-901,-688,-475,-262,-49,MAX=-22627
165,378,591,804,1017,1230,1443,1656,1869,2082,2295,2508,2721,2934,3147,3360,3573,3786,3999,4212,4425,4638,4851,5064,5277,5490,5703,5916,6129,6342,6555,6768,6981,7194,7407,7620,7833,8046,8259,8472,8685,8898,9111,9324,9537,9750,9963,10176,10224,10389,10602,10815,11028,11241,11454,11667,11880,12093,12306,12519,12732,12945,13158,13371,13584,13797,14010,14223,14436,14649,14862,15075,15288,15501,15714,15927,16140,16353,16566,16779,16992,17205,17418,17631,17844,18057,18270,18483,18696,18909,19122,19335,19548,19761,19974,20187,20400,20613,20826,21039,21252,21465,21678,21891,22104,22317,22530,-22626,-22413,-22200,-21987,-21774,-21561,-21348,-21135,-20922,-20709,-20496,-20283,-20070,-19857,-19644,-19431,-19218,-19005,-18792,-18579,-18366,-18153,-17940,-17727,-17514,-17301,-17088,-16875,-16662,-16449,-16236,-16023,-15810,-15597,-15384,-15171,-14958,-14745,-14532,-14319,-14106,-13893,-13680,-13467,-13254,-13041,-12828,-12615,-12402,-12189,-11976,-11763,-11550,-11337,-11124,-10911,-10698,-10485,-10272,-10059,-9846,-9633,-9420,-9207,-8994,-8781,-8568,-8355,-8142,-7929,-7716,-7503,-7290,-7077,-6864,-6651,-6438,-6225,-6012,-5799,-5586,-5373,-5160,-4947,-4734,-4521,-4308,-4095,-3882,-3669,-3456,-3243,-3030,-2817,-2604,-2391,-2178,-1965,-1752,-1539,-1326,-1113,-900,-687,-474,-261,-48,MAX=-22626
166,379,592,805,1018,1231,1444,1657,1870,2083,2296,2509,2722,2935,3148,3361,3574,3787,4000,4213,4426,4639,4852,5065,5278,5491,5704,5917,6130,6343,6556,6769,6982,7195,7408,7621,7834,8047,8260,8473,8686,8899,9112,9325,9538,9751,9964,10011,10177,10390,10603,10816,11029,11242,11455,11668,11881,12094,12307,12520,12733,12946,13159,13372,13585,13798,14011,14224,14437,14650,14863,15076,15289,15502,15715,15928,16141,16354,16567,16780,16993,17206,17419,17632,17845,18058,18271,18484,18697,18910,19123,19336,19549,19762,19975,20188,20401,20614,20827,21040,21253,21466,21679,21892,22105,22318,22531,-22625,-22412,-22199,-21986,-21773,-21560,-21347,-21134,-20921,-20708,-20495,-20282,-20069,-19856,-19643,-19430,-19217,-19004,-18791,-18578,-18365,-18152,-17939,-17726,-17513,-17300,-17087,-16874,-16661,-16448,-16235,-16022,-15809,-15596,-15383,-15170,-14957,-14744,-14531,-14318,-14105,-13892,-13679,-13466,-13253,-13040,-12827,-12614,-12401,-12188,-11975,-11762,-11549,-11336,-11123,-10910,-10697,-10484,-10271,-10058,-9845,-9632,-9419,-9206,-8993,-8780,-8567,-8354,-8141,-7928,-7715,-7502,-7289,-7076,-6863,-6650,-6437,-6224,-6011,-5798,-5585,-5372,-5159,-4946,-4733,-4520,-4307,-4094,-3881,-3668,-3455,-3242,-3029,-2816,-2603,-2390,-2177,-1964,-1751,-1538,-1325,-1112,-899,-686,-473,-260,-47,MAX=-22625
167,380,593,806,1019,1232,1445,1658,1871,2084,2297,2510,2723,2936,3149,3362,3575,3788,4001,4214,4427,4640,4853,5066,5279,5492,5705,5918,6131,6344,6557,6770,6983,7196,7409,7622,7835,8048,8261,8474,8687,8900,9113,9326,9539,9752,9798,9965,10178,10391,10604,10817,11030,11243,11456,11669,11882,12095,12308,12521,12734,12947,13160,13373,13586,13799,14012,14225,14438,14651,14864,15077,15290,15503,15716,15929,16142,16355,16568,16781,16994,17207,17420,17633,17846,18059,18272,18485,18698,18911,19124,19337,19550,19763,19976,20189,20402,20615,20828,21041,21254,21467,21680,21893,22106,22319,22532,-22624,-22411,-22198,-21985,-21772,-21559,-21346,-21133,-20920,-20707,-20494,-20281,-20068,-19855,-19642,-19429,-19216,-19003,-18790,-18577,-18364,-18151,-17938,-17725,-17512,-17299,-17086,-16873,-16660,-16447,-16234,-16021,-15808,-15595,-15382,-15169,-14956,-14743,-14530,-14317,-14104,-13891,-13678,-13465,-13252,-13039,-12826,-12613,-12400,-12187,-11974,-11761,-11548,-11335,-11122,-10909,-10696,-10483,-10270,-10057,-9844,-9631,-9418,-9205,-8992,-8779,-8566,-8353,-8140,-7927,-7714,-7501,-7288,-7075,-6862,-6649,-6436,-6223,-6010,-5797,-5584,-5371,-5158,-4945,-4732,-4519,-4306,-4093,-3880,-3667,-3454,-3241,-3028,-2815,-2602,-2389,-2176,-1963,-1750,-1537,-1324,-1111,-898,-685,-472,-259,-46,MAX=-22624
168,381,594,807,1020,1233,1446,1659,1872,2085,2298,2511,2724,2937,3150,3363,3576,3789,4002,4215,4428,4641,4854,5067,5280,5493,5706,5919,6132,6345,6558,6771,6984,7197,7410,7623,7836,8049,8262,8475,8688,8901,9114,9327,9540,9585,9753,9966,10179,10392,10605,10818,11031,11244,11457,11670,11883,12096,12309,12522,12735,12948,13161,13374,13587,13800,14013,14226,14439,14652,14865,15078,15291,15504,15717,15930,16143,16356,16569,16782,16995,17208,17421,17634,17847,18060,18273,18486,18699,18912,19125,19338,19551,19764,19977,20190,20403,20616,20829,21042,21255,21468,21681,21894,22107,22320,22533,-22623,-22410,-22197,-21984,-21771,-21558,-21345,-21132,-20919,-20706,-20493,-20280,-20067,-19854,-19641,-19428,-19215,-19002,-18789,-18576,-18363,-18150,-17937,-17724,-17511,-17298,-17085,-16872,-16659,-16446,-16233,-16020,-15807,-15594,-15381,-15168,-14955,-14742,-14529,-14316,-14103,-13890,-13677,-13464,-13251,-13038,-12825,-12612,-12399,-12186,-11973,-11760,-11547,-11334,-11121,-10908,-10695,-10482,-10269,-10056,-9843,-9630,-9417,-9204,-8991,-8778,-8565,-8352,-8139,-7926,-7713,-7500,-7287,-7074,-6861,-6648,-6435,-6222,-6009,-5796,-5583,-5370,-5157,-4944,-4731,-4518,-4305,-4092,-3879,-3666,-3453,-3240,-3027,-2814,-2601,-2388,-2175,-1962,-1749,-1536,-1323,-1110,-897,-684,-471,-258,-45,MAX=-22623
169,382,595,808,1021,1234,1447,1660,1873,2086,2299,2512,2725,2938,3151,3364,3577,3790,4003,4216,4429,4642,4855,5068,5281,5494,5707,5920,6133,6346,6559,6772,6985,7198,7411,7624,7837,8050,8263,8476,8689,8902,9115,9328,9372,9541,9754,9967,10180,10393,10606,10819,11032,11245,11458,11671,11884,12097,12310,12523,12736,12949,13162,13375,13588,13801,14014,14227,14440,14653,14866,15079,15292,15505,15718,15931,16144,16357,16570,16783,16996,17209,17422,17635,17848,18061,18274,18487,18700,18913,19126,19339,19552,19765,19978,20191,20404,20617,20830,21043,21256,21469,21682,21895,22108,22321,22534,-22622,-22409,-22196,-21983,-21770,-21557,-21344,-21131,-20918,-20705,-20492,-20279,-20066,-19853,-19640,-19427,-19214,-19001,-18788,-18575,-18362,-18149,-17936,-17723,-17510,-17297,-17084,-16871,-16658,-16445,-16232,-16019,-15806,-15593,-15380,-15167,-14954,-14741,-14528,-14315,-14102,-13889,-13676,-13463,-13250,-13037,-12824,-12611,-12398,-12185,-11972,-11759,-11546,-11333,-11120,-10907,-10694,-10481,-10268,-10055,-9842,-9629,-9416,-9203,-8990,-8777,-8564,-8351,-8138,-7925,-7712,-7499,-7286,-7073,-6860,-6647,-6434,-6221,-6008,-5795,-5582,-5369,-5156,-4943,-4730,-4517,-4304,-4091,-3878,-3665,-3452,-3239,-3026,-2813,-2600,-2387,-2174,-1961,-1748,-1535,-1322,-1109,-896,-683,-470,-257,-44,MAX=-22622
170,383,596,809,1022,1235,1448,1661,1874,2087,2300,2513,2726,2939,3152,3365,3578,3791,4004,4217,4430,4643,4856,5069,5282,5495,5708,5921,6134,6347,6560,6773,6986,7199,7412,7625,7838,8051,8264,8477,8690,8903,9116,9159,9329,9542,9755,9968,10181,10394,10607,10820,11033,11246,11459,11672,11885,12098,12311,12524,12737,12950,13163,13376,13589,13802,14015,14228,14441,14654,14867,15080,15293,15506,15719,15932,16145,16358,16571,16784,16997,17210,17423,17636,17849,18062,18275,18488,18701,18914,19127,19340,19553,19766,19979,20192,20405,20618,20831,21044,21257,21470,21683,21896,22109,22322,22535,-22621,-22408,-22195,-21982,-21769,-21556,-21343,-21130,-20917,-20704,-20491,-20278,-20065,-19852,-19639,-19426,-19213,-19000,-18787,-18574,-18361,-18148,-17935,-17722,-17509,-17296,-17083,-16870,-16657,-16444,-16231,-16018,-15805,-15592,-15379,-15166,-14953,-14740,-14527,-14314,-14101,-13888,-13675,-13462,-13249,-13036,-12823,-12610,-12397,-12184,-11971,-11758,-11545,-11332,-11119,-10906,-10693,-10480,-10267,-10054,-9841,-9628,-9415,-9202,-8989,-8776,-8563,-8350,-8137,-7924,-7711,-7498,-7285,-7072,-6859,-6646,-6433,-6220,-6007,-5794,-5581,-5368,-5155,-4942,-4729,-4516,-4303,-4090,-3877,-3664,-3451,-3238,-3025,-2812,-2599,-2386,-2173,-1960,-1747,-1534,-1321,-1108,-895,-682,-469,-256,-43,MAX=-22621
171,384,597,810,1023,1236,1449,1662,1875,2088,2301,2514,2727,2940,3153,3366,3579,3792,4005,4218,4431,4644,4857,5070,5283,5496,5709,5922,6135,6348,6561,6774,6987,7200,7413,7626,7839,8052,8265,8478,8691,8904,8946,9117,9330,9543,9756,9969,10182,10395,10608,10821,11034,11247,11460,11673,11886,12099,12312,12525,12738,12951,13164,13377,13590,13803,14016,14229,14442,14655,14868,15081,15294,15507,15720,15933,16146,16359,16572,16785,16998,17211,17424,17637,17850,18063,18276,18489,18702,18915,19128,19341,19554,19767,19980,20193,20406,20619,20832,21045,21258,21471,21684,21897,22110,22323,22536,-22620,-22407,-22194,-21981,-21768,-21555,-21342,-21129,-20916,-20703,-20490,-20277,-20064,-19851,-19638,-19425,-19212,-18999,-18786,-18573,-18360,-18147,-17934,-17721,-17508,-17295,-17082,-16869,-16656,-16443,-16230,-16017,-15804,-15591,-15378,-15165,-14952,-14739,-14526,-14313,-14100,-13887,-13674,-13461,-13248,-13035,-12822,-12609,-12396,-12183,-11970,-11757,-11544,-11331,-11118,-10905,-10692,-10479,-10266,-10053,-9840,-9627,-9414,-9201,-8988,-8775,-8562,-8349,-8136,-7923,-7710,-7497,-7284,-7071,-6858,-6645,-6432,-6219,-6006,-5793,-5580,-5367,-5154,-4941,-4728,-4515,-4302,-4089,-3876,-3663,-3450,-3237,-3024,-2811,-2598,-2385,-2172,-1959,-1746,-1533,-1320,-1107,-894,-681,-468,-255,-42,MAX=-22620
172,385,598,811,1024,1237,1450,1663,1876,2089,2302,2515,2728,2941,3154,3367,3580,3793,4006,4219,4432,4645,4858,5071,5284,5497,5710,5923,6136,6349,6562,6775,6988,7201,7414,7627,7840,8053,8266,8479,8692,8733,8905,9118,9331,9544,9757,9970,10183,10396,10609,10822,11035,11248,11461,11674,11887,12100,12313,12526,12739,12952,13165,13378,13591,13804,14017,14230,14443,14656,14869,15082,15295,15508,15721,15934,16147,16360,16573,16786,16999,17212,17425,17638,17851,18064,18277,18490,18703,18916,19129,19342,19555,19768,19981,20194,20407,20620,20833,21046,21259,21472,21685,21898,22111,22324,22537,-22619,-22406,-22193,-21980,-21767,-21554,-21341,-21128,-20915,-20702,-20489,-20276,-20063,-19850,-19637,-19424,-19211,-18998,-18785,-18572,-18359,-18146,-17933,-17720,-17507,-17294,-17081,-16868,-16655,-16442,-16229,-16016,-15803,-15590,-15377,-15164,-14951,-14738,-14525,-14312,-14099,-13886,-13673,-13460,-13247,-13034,-12821,-12608,-12395,-12182,-11969,-11756,-11543,-11330,-11117,-10904,-10691,-10478,-10265,-10052,-9839,-9626,-9413,-9200,-8987,-8774,-8561,-8348,-8135,-7922,-7709,-7496,-7283,-7070,-6857,-6644,-6431,-6218,-6005,-5792,-5579,-5366,-5153,-4940,-4727,-4514,-4301,-4088,-3875,-3662,-3449,-3236,-3023,-2810,-2597,-2384,-2171,-1958,-1745,-1532,-1319,-1106,-893,-680,-467,-254,-41,MAX=-22619
173,386,599,812,1025,1238,1451,1664,1877,2090,2303,2516,2729,2942,3155,3368,3581,3794,4007,4220,4433,4646,4859,5072,5285,5498,5711,5924,6137,6350,6563,6776,6989,7202,7415,7628,7841,8054,8267,8480,8520,8693,8906,9119,9332,9545,9758,9971,10184,10397,10610,10823,11036,11249,11462,11675,11888,12101,12314,12527,12740,12953,13166,13379,13592,13805,14018,14231,14444,14657,14870,15083,15296,15509,15722,15935,16148,16361,16574,16787,17000,17213,17426,17639,17852,18065,18278,18491,18704,18917,19130,19343,19556,19769,19982,20195,20408,20621,20834,21047,21260,21473,21686,21899,22112,22325,22538,-22618,-22405,-22192,-21979,-21766,-21553,-21340,-21127,-20914,-20701,-20488,-20275,-20062,-19849,-19636,-19423,-19210,-18997,-18784,-18571,-18358,-18145,-17932,-17719,-17506,-17293,-17080,-16867,-16654,-16441,-16228,-16015,-15802,-15589,-15376,-15163,-14950,-14737,-14524,-14311,-14098,-13885,-13672,-13459,-13246,-13033,-12820,-12607,-12394,-12181,-11968,-11755,-11542,-11329,-11116,-10903,-10690,-10477,-10264,-10051,-9838,-9625,-9412,-9199,-8986,-8773,-8560,-8347,-8134,-7921,-7708,-7495,-7282,-7069,-6856,-6643,-6430,-6217,-6004,-5791,-5578,-5365,-5152,-4939,-4726,-4513,-4300,-4087,-3874,-3661,-3448,-3235,-3022,-2809,-2596,-2383,-2170,-1957,-1744,-1531,-1318,-1105,-892,-679,-466,-253,-40,MAX=-22618
174,387,600,813,1026,1239,1452,1665,1878,2091,2304,2517,2730,2943,3156,3369,3582,3795,4008,4221,4434,4647,4860,5073,5286,5499,5712,5925,6138,6351,6564,6777,6990,7203,7416,7629,7842,8055,8268,8307,8481,8694,8907,9120,9333,9546,9759,9972,10185,10398,10611,10824,11037,11250,11463,11676,11889,12102,12315,12528,12741,12954,13167,13380,13593,13806,14019,14232,14445,14658,14871,15084,15297,15510,15723,15936,16149,16362,16575,16788,17001,17214,17427,17640,17853,18066,18279,18492,18705,18918,19131,19344,19557,19770,19983,20196,20409,20622,20835,21048,21261,21474,21687,21900,22113,22326,22539,-22617,-22404,-22191,-21978,-21765,-21552,-21339,-21126,-20913,-20700,-20487,-20274,-20061,-19848,-19635,-19422,-19209,-18996,-18783,-18570,-18357,-18144,-17931,-17718,-17505,-17292,-17079,-16866,-16653,-16440,-16227,-16014,-15801,-15588,-15375,-15162,-14949,-14736,-14523,-14310,-14097,-13884,-13671,-13458,-13245,-13032,-12819,-12606,-12393,-12180,-11967,-11754,-11541,-11328,-11115,-10902,-10689,-10476,-10263,-10050,-9837,-9624,-9411,-9198,-8985,-8772,-8559,-8346,-8133,-7920,-7707,-7494,-7281,-7068,-6855,-6642,-6429,-6216,-6003,-5790,-5577,-5364,-5151,-4938,-4725,-4512,-4299,-4086,-3873,-3660,-3447,-3234,-3021,-2808,-2595,-2382,-2169,-1956,-1743,-1530,-1317,-1104,-891,-678,-465,-252,-39,MAX=-22617
175,388,601,814,1027,1240,1453,1666,1879,2092,2305,2518,2731,2944,3157,3370,3583,3796,4009,4222,4435,4648,4861,5074,5287,5500,5713,5926,6139,6352,6565,6778,6991,7204,7417,7630,7843,8056,8094,8269,8482,8695,8908,9121,9334,9547,9760,9973,10186,10399,10612,10825,11038,11251,11464,11677,11890,12103,12316,12529,12742,12955,13168,13381,13594,13807,14020,14233,14446,14659,14872,15085,15298,15511,15724,15937,16150,16363,16576,16789,17002,17215,17428,17641,17854,18067,18280,18493,18706,18919,19132,19345,19558,19771,19984,20197,20410,20623,20836,21049,21262,21475,21688,21901,22114,22327,22540,-22616,-22403,-22190,-21977,-21764,-21551,-21338,-21125,-20912,-20699,-20486,-20273,-20060,-19847,-19634,-19421,-19208,-18995,-18782,-18569,-18356,-18143,-17930,-17717,-17504,-17291,-17078,-16865,-16652,-16439,-16226,-16013,-15800,-15587,-15374,-15161,-14948,-14735,-14522,-14309,-14096,-13883,-13670,-13457,-13244,-13031,-12818,-12605,-12392,-12179,-11966,-11753,-11540,-11327,-11114,-10901,-10688,-10475,-10262,-10049,-9836,-9623,-9410,-9197,-8984,-8771,-8558,-8345,-8132,-7919,-7706,-7493,-7280,-7067,-6854,-6641,-6428,-6215,-6002,-5789,-5576,-5363,-5150,-4937,-4724,-4511,-4298,-4085,-3872,-3659,-3446,-3233,-3020,-2807,-2594,-2381,-2168,-1955,-1742,-1529,-1316,-1103,-890,-677,-464,-251,-38,MAX=-22616
176,389,602,815,1028,1241,1454,1667,1880,2093,2306,2519,2732,2945,3158,3371,3584,3797,4010,4223,4436,4649,4862,5075,5288,5501,5714,5927,6140,6353,6566,6779,6992,7205,7418,7631,7844,7881,8057,8270,8483,8696,8909,9122,9335,9548,9761,9974,10187,10400,10613,10826,11039,11252,11465,11678,11891,12104,12317,12530,12743,12956,13169,13382,13595,13808,14021,14234,14447,14660,14873,15086,15299,15512,15725,15938,16151,16364,16577,16790,17003,17216,17429,17642,17855,18068,18281,18494,18707,18920,19133,19346,19559,19772,19985,20198,20411,20624,20837,21050,21263,21476,21689,21902,22115,22328,22541,-22615,-22402,-22189,-21976,-21763,-21550,-21337,-21124,-20911,-20698,-20485,-20272,-20059,-19846,-19633,-19420,-19207,-18994,-18781,-18568,-18355,-18142,-17929,-17716,-17503,-17290,-17077,-16864,-16651,-16438,-16225,-16012,-15799,-15586,-15373,-15160,-14947,-14734,-14521,-14308,-14095,-13882,-13669,-13456,-13243,-13030,-12817,-12604,-12391,-12178,-11965,-11752,-11539,-11326,-11113,-10900,-10687,-10474,-10261,-10048,-9835,-9622,-9409,-9196,-8983,-8770,-8557,-8344,-8131,-7918,-7705,-7492,-7279,-7066,-6853,-6640,-6427,-6214,-6001,-5788,-5575,-5362,-5149,-4936,-4723,-4510,-4297,-4084,-3871,-3658,-3445,-3232,-3019,-2806,-2593,-2380,-2167,-1954,-1741,-1528,-1315,-1102,-889,-676,-463,-250,-37,MAX=-22615
177,390,603,816,1029,1242,1455,1668,1881,2094,2307,2520,2733,2946,3159,3372,3585,3798,4011,4224,4437,4650,4863,5076,5289,5502,5715,5928,6141,6354,6567,6780,6993,7206,7419,7632,7668,7845,8058,8271,8484,8697,8910,9123,9336,9549,9762,9975,10188,10401,10614,10827,11040,11253,11466,11679,11892,12105,12318,12531,12744,12957,13170,13383,13596,13809,14022,14235,14448,14661,14874,15087,15300,15513,15726,15939,16152,16365,16578,16791,17004,17217,17430,17643,17856,18069,18282,18495,18708,18921,19134,19347,19560,19773,19986,20199,20412,20625,20838,21051,21264,21477,21690,21903,22116,22329,22542,-22614,-22401,-22188,-21975,-21762,-21549,-21336,-21123,-20910,-20697,-20484,-20271,-20058,-19845,-19632,-19419,-19206,-18993,-18780,-18567,-18354,-18141,-17928,-17715,-17502,-17289,-17076,-16863,-16650,-16437,-16224,-16011,-15798,-15585,-15372,-15159,-14946,-14733,-14520,-14307,-14094,-13881,-13668,-13455,-13242,-13029,-12816,-12603,-12390,-12177,-11964,-11751,-11538,-11325,-11112,-10899,-10686,-10473,-10260,-10047,-9834,-9621,-9408,-9195,-8982,-8769,-8556,-8343,-8130,-7917,-7704,-7491,-7278,-7065,-6852,-6639,-6426,-6213,-6000,-5787,-5574,-5361,-5148,-4935,-4722,-4509,-4296,-4083,-3870,-3657,-3444,-3231,-3018,-2805,-2592,-2379,-2166,-1953,-1740,-1527,-1314,-1101,-888,-675,-462,-249,-36,MAX=-22614
178,391,604,817,1030,1243,1456,1669,1882,2095,2308,2521,2734,2947,3160,3373,3586,3799,4012,4225,4438,4651,4864,5077,5290,5503,5716,5929,6142,6355,6568,6781,6994,7207,7420,7455,7633,7846,8059,8272,8485,8698,8911,9124,9337,9550,9763,9976,10189,10402,10615,10828,11041,11254,11467,11680,11893,12106,12319,12532,12745,12958,13171,13384,13597,13810,14023,14236,14449,14662,14875,15088,15301,15514,15727,15940,16153,16366,16579,16792,17005,17218,17431,17644,17857,18070,18283,18496,18709,18922,19135,19348,19561,19774,19987,20200,20413,20626,20839,21052,21265,21478,21691,21904,22117,22330,22543,-22613,-22400,-22187,-21974,-21761,-21548,-21335,-21122,-20909,-20696,-20483,-20270,-20057,-19844,-19631,-19418,-19205,-18992,-18779,-18566,-18353,-18140,-17927,-17714,-17501,-17288,-17075,-16862,-16649,-16436,-16223,-16010,-15797,-15584,-15371,-15158,-14945,-14732,-14519,-14306,-14093,-13880,-13667,-13454,-13241,-13028,-12815,-12602,-12389,-12176,-11963,-11750,-11537,-11324,-11111,-10898,-10685,-10472,-10259,-10046,-9833,-9620,-9407,-9194,-8981,-8768,-8555,-8342,-8129,-7916,-7703,-7490,-7277,-7064,-6851,-6638,-6425,-6212,-5999,-5786,-5573,-5360,-5147,-4934,-4721,-4508,-4295,-4082,-3869,-3656,-3443,-3230,-3017,-2804,-2591,-2378,-2165,-1952,-1739,-1526,-1313,-1100,-887,-674,-461,-248,-35,MAX=-22613
179,392,605,818,1031,1244,1457,1670,1883,2096,2309,2522,2735,2948,3161,3374,3587,3800,4013,4226,4439,4652,4865,5078,5291,5504,5717,5930,6143,6356,6569,6782,6995,7208,7242,7421,7634,7847,8060,8273,8486,8699,8912,9125,9338,9551,9764,9977,10190,10403,10616,10829,11042,11255,11468,11681,11894,12107,12320,12533,12746,12959,13172,13385,13598,13811,14024,14237,14450,14663,14876,15089,15302,15515,15728,15941,16154,16367,16580,16793,17006,17219,17432,17645,17858,18071,18284,18497,18710,18923,19136,19349,19562,19775,19988,20201,20414,20627,20840,21053,21266,21479,21692,21905,22118,22331,22544,-22612,-22399,-22186,-21973,-21760,-21547,-21334,-21121,-20908,-20695,-20482,-20269,-20056,-19843,-19630,-19417,-19204,-18991,-18778,-18565,-18352,-18139,-17926,-17713,-17500,-17287,-17074,-16861,-16648,-16435,-16222,-16009,-15796,-15583,-15370,-15157,-14944,-14731,-14518,-14305,-14092,-13879,-13666,-13453,-13240,-13027,-12814,-12601,-12388,-12175,-11962,-11749,-11536,-11323,-11110,-10897,-10684,-10471,-10258,-10045,-9832,-9619,-9406,-9193,-8980,-8767,-8554,-8341,-8128,-7915,-7702,-7489,-7276,-7063,-6850,-6637,-6424,-6211,-5998,-5785,-5572,-5359,-5146,-4933,-4720,-4507,-4294,-4081,-3868,-3655,-3442,-3229,-3016,-2803,-2590,-2377,-2164,-1951,-1738,-1525,-1312,-1099,-886,-673,-460,-247,-34,MAX=-22612
180,393,606,819,1032,1245,1458,1671,1884,2097,2310,2523,2736,2949,3162,3375,3588,3801,4014,4227,4440,4653,4866,5079,5292,5505,5718,5931,6144,6357,6570,6783,6996,7029,7209,7422,7635,7848,8061,8274,8487,8700,8913,9126,9339,9552,9765,9978,10191,10404,10617,10830,11043,11256,11469,11682,11895,12108,12321,12534,12747,12960,13173,13386,13599,13812,14025,14238,14451,14664,14877,15090,15303,15516,15729,15942,16155,16368,16581,16794,17007,17220,17433,17646,17859,18072,18285,18498,18711,18924,19137,19350,19563,19776,19989,20202,20415,20628,20841,21054,21267,21480,21693,21906,22119,22332,22545,-22611,-22398,-22185,-21972,-21759,-21546,-21333,-21120,-20907,-20694,-20481,-20268,-20055,-19842,-19629,-19416,-19203,-18990,-18777,-18564,-18351,-18138,-17925,-17712,-17499,-17286,-17073,-16860,-16647,-16434,-16221,-16008,-15795,-15582,-15369,-15156,-14943,-14730,-14517,-14304,-14091,-13878,-13665,-13452,-13239,-13026,-12813,-12600,-12387,-12174,-11961,-11748,-11535,-11322,-11109,-10896,-10683,-10470,-10257,-10044,-9831,-9618,-9405,-9192,-8979,-8766,-8553,-8340,-8127,-7914,-7701,-7488,-7275,-7062,-6849,-6636,-6423,-6210,-5997,-5784,-5571,-5358,-5145,-4932,-4719,-4506,-4293,-4080,-3867,-3654,-3441,-3228,-3015,-2802,-2589,-2376,-2163,-1950,-1737,-1524,-1311,-1098,-885,-672,-459,-246,-33,MAX=-22611
181,394,607,820,1033,1246,1459,1672,1885,2098,2311,2524,2737,2950,3163,3376,3589,3802,4015,4228,4441,4654,4867,5080,5293,5506,5719,5932,6145,6358,6571,6784,6816,6997,7210,7423,7636,7849,8062,8275,8488,8701,8914,9127,9340,9553,9766,9979,10192,10405,10618,10831,11044,11257,11470,11683,11896,12109,12322,12535,12748,12961,13174,13387,13600,13813,14026,14239,14452,14665,14878,15091,15304,15517,15730,15943,16156,16369,16582,16795,17008,17221,17434,17647,17860,18073,18286,18499,18712,18925,19138,19351,19564,19777,19990,20203,20416,20629,20842,21055,21268,21481,21694,21907,22120,22333,22546,-22610,-22397,-22184,-21971,-21758,-21545,-21332,-21119,-20906,-20693,-20480,-20267,-20054,-19841,-19628,-19415,-19202,-18989,-18776,-18563,-18350,-18137,-17924,-17711,-17498,-17285,-17072,-16859,-16646,-16433,-16220,-16007,-15794,-15581,-15368,-15155,-14942,-14729,-14516,-14303,-14090,-13877,-13664,-13451,-13238,-13025,-12812,-12599,-12386,-12173,-11960,-11747,-11534,-11321,-11108,-10895,-10682,-10469,-10256,-10043,-9830,-9617,-9404,-9191,-8978,-8765,-8552,-8339,-8126,-7913,-7700,-7487,-7274,-7061,-6848,-6635,-6422,-6209,-5996,-5783,-5570,-5357,-5144,-4931,-4718,-4505,-4292,-4079,-3866,-3653,-3440,-3227,-3014,-2801,-2588,-2375,-2162,-1949,-1736,-1523,-1310,-1097,-884,-671,-458,-245,-32,MAX=-22610
182,395,608,821,1034,1247,1460,1673,1886,2099,2312,2525,2738,2951,3164,3377,3590,3803,4016,4229,4442,4655,4868,5081,5294,5507,5720,5933,6146,6359,6572,6603,6785,6998,7211,7424,7637,7850,8063,8276,8489,8702,8915,9128,9341,9554,9767,9980,10193,10406,10619,10832,11045,11258,11471,11684,11897,12110,12323,12536,12749,12962,13175,13388,13601,13814,14027,14240,14453,14666,14879,15092,15305,15518,15731,15944,16157,16370,16583,16796,17009,17222,17435,17648,17861,18074,18287,18500,18713,18926,19139,19352,19565,19778,19991,20204,20417,20630,20843,21056,21269,21482,21695,21908,22121,22334,22547,-22609,-22396,-22183,-21970,-21757,-21544,-21331,-21118,-20905,-20692,-20479,-20266,-20053,-19840,-19627,-19414,-19201,-18988,-18775,-18562,-18349,-18136,-17923,-17710,-17497,-17284,-17071,-16858,-16645,-16432,-16219,-16006,-15793,-15580,-15367,-15154,-14941,-14728,-14515,-14302,-14089,-13876,-13663,-13450,-13237,-13024,-12811,-12598,-12385,-12172,-11959,-11746,-11533,-11320,-11107,-10894,-10681,-10468,-10255,-10042,-9829,-9616,-9403,-9190,-8977,-8764,-8551,-8338,-8125,-7912,-7699,-7486,-7273,-7060,-6847,-6634,-6421,-6208,-5995,-5782,-5569,-5356,-5143,-4930,-4717,-4504,-4291,-4078,-3865,-3652,-3439,-3226,-3013,-2800,-2587,-2374,-2161,-1948,-1735,-1522,-1309,-1096,-883,-670,-457,-244,-31,MAX=-22609
183,396,609,822,1035,1248,1461,1674,1887,2100,2313,2526,2739,2952,3165,3378,3591,3804,4017,4230,4443,4656,4869,5082,5295,5508,5721,5934,6147,6360,6390,6573,6786,6999,7212,7425,7638,7851,8064,8277,8490,8703,8916,9129,9342,9555,9768,9981,10194,10407,10620,10833,11046,11259,11472,11685,11898,12111,12324,12537,12750,12963,13176,13389,13602,13815,14028,14241,14454,14667,14880,15093,15306,15519,15732,15945,16158,16371,16584,16797,17010,17223,17436,17649,17862,18075,18288,18501,18714,18927,19140,19353,19566,19779,19992,20205,20418,20631,20844,21057,21270,21483,21696,21909,22122,22335,22548,-22608,-22395,-22182,-21969,-21756,-21543,-21330,-21117,-20904,-20691,-20478,-20265,-20052,-19839,-19626,-19413,-19200,-18987,-18774,-18561,-18348,-18135,-17922,-17709,-17496,-17283,-17070,-16857,-16644,-16431,-16218,-16005,-15792,-15579,-15366,-15153,-14940,-14727,-14514,-14301,-14088,-13875,-13662,-13449,-13236,-13023,-12810,-12597,-12384,-12171,-11958,-11745,-11532,-11319,-11106,-10893,-10680,-10467,-10254,-10041,-9828,-9615,-9402,-9189,-8976,-8763,-8550,-8337,-8124,-7911,-7698,-7485,-7272,-7059,-6846,-6633,-6420,-6207,-5994,-5781,-5568,-5355,-5142,-4929,-4716,-4503,-4290,-4077,-3864,-3651,-3438,-3225,-3012,-2799,-2586,-2373,-2160,-1947,-1734,-1521,-1308,-1095,-882,-669,-456,-243,-30,MAX=-22608
184,397,610,823,1036,1249,1462,1675,1888,2101,2314,2527,2740,2953,3166,3379,3592,3805,4018,4231,4444,4657,4870,5083,5296,5509,5722,5935,6148,6177,6361,6574,6787,7000,7213,7426,7639,7852,8065,8278,8491,8704,8917,9130,9343,9556,9769,9982,10195,10408,10621,10834,11047,11260,11473,11686,11899,12112,12325,12538,12751,12964,13177,13390,13603,13816,14029,14242,14455,14668,14881,15094,15307,15520,15733,15946,16159,16372,16585,16798,17011,17224,17437,17650,17863,18076,18289,18502,18715,18928,19141,19354,19567,19780,19993,20206,20419,20632,20845,21058,21271,21484,21697,21910,22123,22336,22549,-22607,-22394,-22181,-21968,-21755,-21542,-21329,-21116,-20903,-20690,-20477,-20264,-20051,-19838,-19625,-19412,-19199,-18986,-18773,-18560,-18347,-18134,-17921,-17708,-17495,-17282,-17069,-16856,-16643,-16430,-16217,-16004,-15791,-15578,-15365,-15152,-14939,-14726,-14513,-14300,-14087,-13874,-13661,-13448,-13235,-13022,-12809,-12596,-12383,-12170,-11957,-11744,-11531,-11318,-11105,-10892,-10679,-10466,-10253,-10040,-9827,-9614,-9401,-9188,-8975,-8762,-8549,-8336,-8123,-7910,-7697,-7484,-7271,-7058,-6845,-6632,-6419,-6206,-5993,-5780,-5567,-5354,-5141,-4928,-4715,-4502,-4289,-4076,-3863,-3650,-3437,-3224,-3011,-2798,-2585,-2372,-2159,-1946,-1733,-1520,-1307,-1094,-881,-668,-455,-242,-29,MAX=-22607
185,398,611,824,1037,1250,1463,1676,1889,2102,2315,2528,2741,2954,3167,3380,3593,3806,4019,4232,4445,4658,4871,5084,5297,5510,5723,5936,5964,6149,6362,6575,6788,7001,7214,7427,7640,7853,8066,8279,8492,8705,8918,9131,9344,9557,9770,9983,10196,10409,10622,10835,11048,11261,11474,11687,11900,12113,12326,12539,12752,12965,13178,13391,13604,13817,14030,14243,14456,14669,14882,15095,15308,15521,15734,15947,16160,16373,16586,16799,17012,17225,17438,17651,17864,18077,18290,18503,18716,18929,19142,19355,19568,19781,19994,20207,20420,20633,20846,21059,21272,21485,21698,21911,22124,22337,22550,-22606,-22393,-22180,-21967,-21754,-21541,-21328,-21115,-20902,-20689,-20476,-20263,-20050,-19837,-19624,-19411,-19198,-18985,-18772,-18559,-18346,-18133,-17920,-17707,-17494,-17281,-17068,-16855,-16642,-16429,-16216,-16003,-15790,-15577,-15364,-15151,-14938,-14725,-14512,-14299,-14086,-13873,-13660,-13447,-13234,-13021,-12808,-12595,-12382,-12169,-11956,-11743,-11530,-11317,-11104,-10891,-10678,-10465,-10252,-10039,-9826,-9613,-9400,-9187,-8974,-8761,-8548,-8335,-8122,-7909,-7696,-7483,-7270,-7057,-6844,-6631,-6418,-6205,-5992,-5779,-5566,-5353,-5140,-4927,-4714,-4501,-4288,-4075,-3862,-3649,-3436,-3223,-3010,-2797,-2584,-2371,-2158,-1945,-1732,-1519,-1306,-1093,-880,-667,-454,-241,-28,MAX=-22606
186,399,612,825,1038,1251,1464,1677,1890,2103,2316,2529,2742,2955,3168,3381,3594,3807,4020,4233,4446,4659,4872,5085,5298,5511,5724,5751,5937,6150,6363,6576,6789,7002,7215,7428,7641,7854,8067,8280,8493,8706,8919,9132,9345,9558,9771,9984,10197,10410,10623,10836,11049,11262,11475,11688,11901,12114,12327,12540,12753,12966,13179,13392,13605,13818,14031,14244,14457,14670,14883,15096,15309,15522,15735,15948,16161,16374,16587,16800,17013,17226,17439,17652,17865,18078,18291,18504,18717,18930,19143,19356,19569,19782,19995,20208,20421,20634,20847,21060,21273,21486,21699,21912,22125,22338,22551,-22605,-22392,-22179,-21966,-21753,-21540,-21327,-21114,-20901,-20688,-20475,-20262,-20049,-19836,-19623,-19410,-19197,-18984,-18771,-18558,-18345,-18132,-17919,-17706,-17493,-17280,-17067,-16854,-16641,-16428,-16215,-16002,-15789,-15576,-15363,-15150,-14937,-14724,-14511,-14298,-14085,-13872,-13659,-13446,-13233,-13020,-12807,-12594,-12381,-12168,-11955,-11742,-11529,-11316,-11103,-10890,-10677,-10464,-10251,-10038,-9825,-9612,-9399,-9186,-8973,-8760,-8547,-8334,-8121,-7908,-7695,-7482,-7269,-7056,-6843,-6630,-6417,-6204,-5991,-5778,-5565,-5352,-5139,-4926,-4713,-4500,-4287,-4074,-3861,-3648,-3435,-3222,-3009,-2796,-2583,-2370,-2157,-1944,-1731,-1518,-1305,-1092,-879,-666,-453,-240,-27,MAX=-22605
187,400,613,826,1039,1252,1465,1678,1891,2104,2317,2530,2743,2956,3169,3382,3595,3808,4021,4234,4447,4660,4873,5086,5299,5512,5538,5725,5938,6151,6364,6577,6790,7003,7216,7429,7642,7855,8068,8281,8494,8707,8920,9133,9346,9559,9772,9985,10198,10411,10624,10837,11050,11263,11476,11689,11902,12115,12328,12541,12754,12967,13180,13393,13606,13819,14032,14245,14458,14671,14884,15097,15310,15523,15736,15949,16162,16375,16588,16801,17014,17227,17440,17653,17866,18079,18292,18505,18718,18931,19144,19357,19570,19783,19996,20209,20422,20635,20848,21061,21274,21487,21700,21913,22126,22339,22552,-22604,-22391,-22178,-21965,-21752,-21539,-21326,-21113,-20900,-20687,-20474,-20261,-20048,-19835,-19622,-19409,-19196,-18983,-18770,-18557,-18344,-18131,-17918,-17705,-17492,-17279,-17066,-16853,-16640,-16427,-16214,-16001,-15788,-15575,-15362,-15149,-14936,-14723,-14510,-14297,-14084,-13871,-13658,-13445,-13232,-13019,-12806,-12593,-12380,-12167,-11954,-11741,-11528,-11315,-11102,-10889,-10676,-10463,-10250,-10037,-9824,-9611,-9398,-9185,-8972,-8759,-8546,-8333,-8120,-7907,-7694,-7481,-7268,-7055,-6842,-6629,-6416,-6203,-5990,-5777,-5564,-5351,-5138,-4925,-4712,-4499,-4286,-4073,-3860,-3647,-3434,-3221,-3008,-2795,-2582,-2369,-2156,-1943,-1730,-1517,-1304,-1091,-878,-665,-452,-239,-26,MAX=-22604
188,401,614,827,1040,1253,1466,1679,1892,2105,2318,2531,2744,2957,3170,3383,3596,3809,4022,4235,4448,4661,4874,5087,5300,5325,5513,5726,5939,6152,6365,6578,6791,7004,7217,7430,7643,7856,8069,8282,8495,8708,8921,9134,9347,9560,9773,9986,10199,10412,10625,10838,11051,11264,11477,11690,11903,12116,12329,12542,12755,12968,13181,13394,13607,13820,14033,14246,14459,14672,14885,15098,15311,15524,15737,15950,16163,16376,16589,16802,17015,17228,17441,17654,17867,18080,18293,18506,18719,18932,19145,19358,19571,19784,19997,20210,20423,20636,20849,21062,21275,21488,21701,21914,22127,22340,22553,-22603,-22390,-22177,-21964,-21751,-21538,-21325,-21112,-20899,-20686,-20473,-20260,-20047,-19834,-19621,-19408,-19195,-18982,-18769,-18556,-18343,-18130,-17917,-17704,-17491,-17278,-17065,-16852,-16639,-16426,-16213,-16000,-15787,-15574,-15361,-15148,-14935,-14722,-14509,-14296,-14083,-13870,-13657,-13444,-13231,-13018,-12805,-12592,-12379,-12166,-11953,-11740,-11527,-11314,-11101,-10888,-10675,-10462,-10249,-10036,-9823,-9610,-9397,-9184,-8971,-8758,-8545,-8332,-8119,-7906,-7693,-7480,-7267,-7054,-6841,-6628,-6415,-6202,-5989,-5776,-5563,-5350,-5137,-4924,-4711,-4498,-4285,-4072,-3859,-3646,-3433,-3220,-3007,-2794,-2581,-2368,-2155,-1942,-1729,-1516,-1303,-1090,-877,-664,-451,-238,-25,MAX=-22603
189,402,615,828,1041,1254,1467,1680,1893,2106,2319,2532,2745,2958,3171,3384,3597,3810,4023,4236,4449,4662,4875,5088,5112,5301,5514,5727,5940,6153,6366,6579,6792,7005,7218,7431,7644,7857,8070,8283,8496,8709,8922,9135,9348,9561,9774,9987,10200,10413,10626,10839,11052,11265,11478,11691,11904,12117,12330,12543,12756,12969,13182,13395,13608,13821,14034,14247,14460,14673,14886,15099,15312,15525,15738,15951,16164,16377,16590,16803,17016,17229,17442,17655,17868,18081,18294,18507,18720,18933,19146,19359,19572,19785,19998,20211,20424,20637,20850,21063,21276,21489,21702,21915,22128,22341,22554,-22602,-22389,-22176,-21963,-21750,-21537,-21324,-21111,-20898,-20685,-20472,-20259,-20046,-19833,-19620,-19407,-19194,-18981,-18768,-18555,-18342,-18129,-17916,-17703,-17490,-17277,-17064,-16851,-16638,-16425,-16212,-15999,-15786,-15573,-15360,-15147,-14934,-14721,-14508,-14295,-14082,-13869,-13656,-13443,-13230,-13017,-12804,-12591,-12378,-12165,-11952,-11739,-11526,-11313,-11100,-10887,-10674,-10461,-10248,-10035,-9822,-9609,-9396,-9183,-8970,-8757,-8544,-8331,-8118,-7905,-7692,-7479,-7266,-7053,-6840,-6627,-6414,-6201,-5988,-5775,-5562,-5349,-5136,-4923,-4710,-4497,-4284,-4071,-3858,-3645,-3432,-3219,-3006,-2793,-2580,-2367,-2154,-1941,-1728,-1515,-1302,-1089,-876,-663,-450,-237,-24,MAX=-22602
190,403,616,829,1042,1255,1468,1681,1894,2107,2320,2533,2746,2959,3172,3385,3598,3811,4024,4237,4450,4663,4876,4899,5089,5302,5515,5728,5941,6154,6367,6580,6793,7006,7219,7432,7645,7858,8071,8284,8497,8710,8923,9136,9349,9562,9775,9988,10201,10414,10627,10840,11053,11266,11479,11692,11905,12118,12331,12544,12757,12970,13183,13396,13609,13822,14035,14248,14461,14674,14887,15100,15313,15526,15739,15952,16165,16378,16591,16804,17017,17230,17443,17656,17869,18082,18295,18508,18721,18934,19147,19360,19573,19786,19999,20212,20425,20638,20851,21064,21277,21490,21703,21916,22129,22342,22555,-22601,-22388,-22175,-21962,-21749,-21536,-21323,-21110,-20897,-20684,-20471,-20258,-20045,-19832,-19619,-19406,-19193,-18980,-18767,-18554,-18341,-18128,-17915,-17702,-17489,-17276,-17063,-16850,-16637,-16424,-16211,-15998,-15785,-15572,-15359,-15146,-14933,-14720,-14507,-14294,-14081,-13868,-13655,-13442,-13229,-13016,-12803,-12590,-12377,-12164,-11951,-11738,-11525,-11312,-11099,-10886,-10673,-10460,-10247,-10034,-9821,-9608,-9395,-9182,-8969,-8756,-8543,-8330,-8117,-7904,-7691,-7478,-7265,-7052,-6839,-6626,-6413,-6200,-5987,-5774,-5561,-5348,-5135,-4922,-4709,-4496,-4283,-4070,-3857,-3644,-3431,-3218,-3005,-2792,-2579,-2366,-2153,-1940,-1727,-1514,-1301,-1088,-875,-662,-449,-236,-23,MAX=-22601
191,404,617,830,1043,1256,1469,1682,1895,2108,2321,2534,2747,2960,3173,3386,3599,3812,4025,4238,4451,4664,4686,4877,5090,5303,5516,5729,5942,6155,6368,6581,6794,7007,7220,7433,7646,7859,8072,8285,8498,8711,8924,9137,9350,9563,9776,9989,10202,10415,10628,10841,11054,11267,11480,11693,11906,12119,12332,12545,12758,12971,13184,13397,13610,13823,14036,14249,14462,14675,14888,15101,15314,15527,15740,15953,16166,16379,16592,16805,17018,17231,17444,17657,17870,18083,18296,18509,18722,18935,19148,19361,19574,19787,20000,20213,20426,20639,20852,21065,21278,21491,21704,21917,22130,22343,22556,-22600,-22387,-22174,-21961,-21748,-21535,-21322,-21109,-20896,-20683,-20470,-20257,-20044,-19831,-19618,-19405,-19192,-18979,-18766,-18553,-18340,-18127,-17914,-17701,-17488,-17275,-17062,-16849,-16636,-16423,-16210,-15997,-15784,-15571,-15358,-15145,-14932,-14719,-14506,-14293,-14080,-13867,-13654,-13441,-13228,-13015,-12802,-12589,-12376,-12163,-11950,-11737,-11524,-11311,-11098,-10885,-10672,-10459,-10246,-10033,-9820,-9607,-9394,-9181,-8968,-8755,-8542,-8329,-8116,-7903,-7690,-7477,-7264,-7051,-6838,-6625,-6412,-6199,-5986,-5773,-5560,-5347,-5134,-4921,-4708,-4495,-4282,-4069,-3856,-3643,-3430,-3217,-3004,-2791,-2578,-2365,-2152,-1939,-1726,-1513,-1300,-1087,-874,-661,-448,-235,-22,MAX=-22600
192,405,618,831,1044,1257,1470,1683,1896,2109,2322,2535,2748,2961,3174,3387,3600,3813,4026,4239,4452,4473,4665,4878,5091,5304,5517,5730,5943,6156,6369,6582,6795,7008,7221,7434,7647,7860,8073,8286,8499,8712,8925,9138,9351,9564,9777,9990,10203,10416,10629,10842,11055,11268,11481,11694,11907,12120,12333,12546,12759,12972,13185,13398,13611,13824,14037,14250,14463,14676,14889,15102,15315,15528,15741,15954,16167,16380,16593,16806,17019,17232,17445,17658,17871,18084,18297,18510,18723,18936,19149,19362,19575,19788,20001,20214,20427,20640,20853,21066,21279,21492,21705,21918,22131,22344,22557,-22599,-22386,-22173,-21960,-21747,-21534,-21321,-21108,-20895,-20682,-20469,-20256,-20043,-19830,-19617,-19404,-19191,-18978,-18765,-18552,-18339,-18126,-17913,-17700,-17487,-17274,-17061,-16848,-16635,-16422,-16209,-15996,-15783,-15570,-15357,-15144,-14931,-14718,-14505,-14292,-14079,-13866,-13653,-13440,-13227,-13014,-12801,-12588,-12375,-12162,-11949,-11736,-11523,-11310,-11097,-10884,-10671,-10458,-10245,-10032,-9819,-9606,-9393,-9180,-8967,-8754,-8541,-8328,-8115,-7902,-7689,-7476,-7263,-7050,-6837,-6624,-6411,-6198,-5985,-5772,-5559,-5346,-5133,-4920,-4707,-4494,-4281,-4068,-3855,-3642,-3429,-3216,-3003,-2790,-2577,-2364,-2151,-1938,-1725,-1512,-1299,-1086,-873,-660,-447,-234,-21,MAX=-22599
193,406,619,832,1045,1258,1471,1684,1897,2110,2323,2536,2749,2962,3175,3388,3601,3814,4027,4240,4260,4453,4666,4879,5092,5305,5518,5731,5944,6157,6370,6583,6796,7009,7222,7435,7648,7861,8074,8287,8500,8713,8926,9139,9352,9565,9778,9991,10204,10417,10630,10843,11056,11269,11482,11695,11908,12121,12334,12547,12760,12973,13186,13399,13612,13825,14038,14251,14464,14677,14890,15103,15316,15529,15742,15955,16168,16381,16594,16807,17020,17233,17446,17659,17872,18085,18298,18511,18724,18937,19150,19363,19576,19789,20002,20215,20428,20641,20854,21067,21280,21493,21706,21919,22132,22345,22558,-22598,-22385,-22172,-21959,-21746,-21533,-21320,-21107,-20894,-20681,-20468,-20255,-20042,-19829,-19616,-19403,-19190,-18977,-18764,-18551,-18338,-18125,-17912,-17699,-17486,-17273,-17060,-16847,-16634,-16421,-16208,-15995,-15782,-15569,-15356,-15143,-14930,-14717,-14504,-14291,-14078,-13865,-13652,-13439,-13226,-13013,-12800,-12587,-12374,-12161,-11948,-11735,-11522,-11309,-11096,-10883,-10670,-10457,-10244,-10031,-9818,-9605,-9392,-9179,-8966,-8753,-8540,-8327,-8114,-7901,-7688,-7475,-7262,-7049,-6836,-6623,-6410,-6197,-5984,-5771,-5558,-5345,-5132,-4919,-4706,-4493,-4280,-4067,-3854,-3641,-3428,-3215,-3002,-2789,-2576,-2363,-2150,-1937,-1724,-1511,-1298,-1085,-872,-659,-446,-233,-20,MAX=-22598
194,407,620,833,1046,1259,1472,1685,1898,2111,2324,2537,2750,2963,3176,3389,3602,3815,4028,4047,4241,4454,4667,4880,5093,5306,5519,5732,5945,6158,6371,6584,6797,7010,7223,7436,7649,7862,8075,8288,8501,8714,8927,9140,9353,9566,9779,9992,10205,10418,10631,10844,11057,11270,11483,11696,11909,12122,12335,12548,12761,12974,13187,13400,13613,13826,14039,14252,14465,14678,14891,15104,15317,15530,15743,15956,16169,16382,16595,16808,17021,17234,17447,17660,17873,18086,18299,18512,18725,18938,19151,19364,19577,19790,20003,20216,20429,20642,20855,21068,21281,21494,21707,21920,22133,22346,22559,-22597,-22384,-22171,-21958,-21745,-21532,-21319,-21106,-20893,-20680,-20467,-20254,-20041,-19828,-19615,-19402,-19189,-18976,-18763,-18550,-18337,-18124,-17911,-17698,-17485,-17272,-17059,-16846,-16633,-16420,-16207,-15994,-15781,-15568,-15355,-15142,-14929,-14716,-14503,-14290,-14077,-13864,-13651,-13438,-13225,-13012,-12799,-12586,-12373,-12160,-11947,-11734,-11521,-11308,-11095,-10882,-10669,-10456,-10243,-10030,-9817,-9604,-9391,-9178,-8965,-8752,-8539,-8326,-8113,-7900,-7687,-7474,-7261,-7048,-6835,-6622,-6409,-6196,-5983,-5770,-5557,-5344,-5131,-4918,-4705,-4492,-4279,-4066,-3853,-3640,-3427,-3214,-3001,-2788,-2575,-2362,-2149,-1936,-1723,-1510,-1297,-1084,-871,-658,-445,-232,-19,MAX=-22597
195,408,621,834,1047,1260,1473,1686,1899,2112,2325,2538,2751,2964,3177,3390,3603,3816,3834,4029,4242,4455,4668,4881,5094,5307,5520,5733,5946,6159,6372,6585,6798,7011,7224,7437,7650,7863,8076,8289,8502,8715,8928,9141,9354,9567,9780,9993,10206,10419,10632,10845,11058,11271,11484,11697,11910,12123,12336,12549,12762,12975,13188,13401,13614,13827,14040,14253,14466,14679,14892,15105,15318,15531,15744,15957,16170,16383,16596,16809,17022,17235,17448,17661,17874,18087,18300,18513,18726,18939,19152,19365,19578,19791,20004,20217,20430,20643,20856,21069,21282,21495,21708,21921,22134,22347,22560,-22596,-22383,-22170,-21957,-21744,-21531,-21318,-21105,-20892,-20679,-20466,-20253,-20040,-19827,-19614,-19401,-19188,-18975,-18762,-18549,-18336,-18123,-17910,-17697,-17484,-17271,-17058,-16845,-16632,-16419,-16206,-15993,-15780,-15567,-15354,-15141,-14928,-14715,-14502,-14289,-14076,-13863,-13650,-13437,-13224,-13011,-12798,-12585,-12372,-12159,-11946,-11733,-11520,-11307,-11094,-10881,-10668,-10455,-10242,-10029,-9816,-9603,-9390,-9177,-8964,-8751,-8538,-8325,-8112,-7899,-7686,-7473,-7260,-7047,-6834,-6621,-6408,-6195,-5982,-5769,-5556,-5343,-5130,-4917,-4704,-4491,-4278,-4065,-3852,-3639,-3426,-3213,-3000,-2787,-2574,-2361,-2148,-1935,-1722,-1509,-1296,-1083,-870,-657,-444,-231,-18,MAX=-22596
196,409,622,835,1048,1261,1474,1687,1900,2113,2326,2539,2752,2965,3178,3391,3604,3621,3817,4030,4243,4456,4669,4882,5095,5308,5521,5734,5947,6160,6373,6586,6799,7012,7225,7438,7651,7864,8077,8290,8503,8716,8929,9142,9355,9568,9781,9994,10207,10420,10633,10846,11059,11272,11485,11698,11911,12124,12337,12550,12763,12976,13189,13402,13615,13828,14041,14254,14467,14680,14893,15106,15319,15532,15745,15958,16171,16384,16597,16810,17023,17236,17449,17662,17875,18088,18301,18514,18727,18940,19153,19366,19579,19792,20005,20218,20431,20644,20857,21070,21283,21496,21709,21922,22135,22348,22561,-22595,-22382,-22169,-21956,-21743,-21530,-21317,-21104,-20891,-20678,-20465,-20252,-20039,-19826,-19613,-19400,-19187,-18974,-18761,-18548,-18335,-18122,-17909,-17696,-17483,-17270,-17057,-16844,-16631,-16418,-16205,-15992,-15779,-15566,-15353,-15140,-14927,-14714,-14501,-14288,-14075,-13862,-13649,-13436,-13223,-13010,-12797,-12584,-12371,-12158,-11945,-11732,-11519,-11306,-11093,-10880,-10667,-10454,-10241,-10028,-9815,-9602,-9389,-9176,-8963,-8750,-8537,-8324,-8111,-7898,-7685,-7472,-7259,-7046,-6833,-6620,-6407,-6194,-5981,-5768,-5555,-5342,-5129,-4916,-4703,-4490,-4277,-4064,-3851,-3638,-3425,-3212,-2999,-2786,-2573,-2360,-2147,-1934,-1721,-1508,-1295,-1082,-869,-656,-443,-230,-17,MAX=-22595
197,410,623,836,1049,1262,1475,1688,1901,2114,2327,2540,2753,2966,3179,3392,3408,3605,3818,4031,4244,4457,4670,4883,5096,5309,5522,5735,5948,6161,6374,6587,6800,7013,7226,7439,7652,7865,8078,8291,8504,8717,8930,9143,9356,9569,9782,9995,10208,10421,10634,10847,11060,11273,11486,11699,11912,12125,12338,12551,12764,12977,13190,13403,13616,13829,14042,14255,14468,14681,14894,15107,15320,15533,15746,15959,16172,16385,16598,16811,17024,17237,17450,17663,17876,18089,18302,18515,18728,18941,19154,19367,19580,19793,20006,20219,20432,20645,20858,21071,21284,21497,21710,21923,22136,22349,22562,-22594,-22381,-22168,-21955,-21742,-21529,-21316,-21103,-20890,-20677,-20464,-20251,-20038,-19825,-19612,-19399,-19186,-18973,-18760,-18547,-18334,-18121,-17908,-17695,-17482,-17269,-17056,-16843,-16630,-16417,-16204,-15991,-15778,-15565,-15352,-15139,-14926,-14713,-14500,-14287,-14074,-13861,-13648,-13435,-13222,-13009,-12796,-12583,-12370,-12157,-11944,-11731,-11518,-11305,-11092,-10879,-10666,-10453,-10240,-10027,-9814,-9601,-9388,-9175,-8962,-8749,-8536,-8323,-8110,-7897,-7684,-7471,-7258,-7045,-6832,-6619,-6406,-6193,-5980,-5767,-5554,-5341,-5128,-4915,-4702,-4489,-4276,-4063,-3850,-3637,-3424,-3211,-2998,-2785,-2572,-2359,-2146,-1933,-1720,-1507,-1294,-1081,-868,-655,-442,-229,-16,MAX=-22594
198,411,624,837,1050,1263,1476,1689,1902,2115,2328,2541,2754,2967,3180,3195,3393,3606,3819,4032,4245,4458,4671,4884,5097,5310,5523,5736,5949,6162,6375,6588,6801,7014,7227,7440,7653,7866,8079,8292,8505,8718,8931,9144,9357,9570,9783,9996,10209,10422,10635,10848,11061,11274,11487,11700,11913,12126,12339,12552,12765,12978,13191,13404,13617,13830,14043,14256,14469,14682,14895,15108,15321,15534,15747,15960,16173,16386,16599,16812,17025,17238,17451,17664,17877,18090,18303,18516,18729,18942,19155,19368,19581,19794,20007,20220,20433,20646,20859,21072,21285,21498,21711,21924,22137,22350,22563,-22593,-22380,-22167,-21954,-21741,-21528,-21315,-21102,-20889,-20676,-20463,-20250,-20037,-19824,-19611,-19398,-19185,-18972,-18759,-18546,-18333,-18120,-17907,-17694,-17481,-17268,-17055,-16842,-16629,-16416,-16203,-15990,-15777,-15564,-15351,-15138,-14925,-14712,-14499,-14286,-14073,-13860,-13647,-13434,-13221,-13008,-12795,-12582,-12369,-12156,-11943,-11730,-11517,-11304,-11091,-10878,-10665,-10452,-10239,-10026,-9813,-9600,-9387,-9174,-8961,-8748,-8535,-8322,-8109,-7896,-7683,-7470,-7257,-7044,-6831,-6618,-6405,-6192,-5979,-5766,-5553,-5340,-5127,-4914,-4701,-4488,-4275,-4062,-3849,-3636,-3423,-3210,-2997,-2784,-2571,-2358,-2145,-1932,-1719,-1506,-1293,-1080,-867,-654,-441,-228,-15,MAX=-22593
199,412,625,838,1051,1264,1477,1690,1903,2116,2329,2542,2755,2968,2982,3181,3394,3607,3820,4033,4246,4459,4672,4885,5098,5311,5524,5737,5950,6163,6376,6589,6802,7015,7228,7441,7654,7867,8080,8293,8506,8719,8932,9145,9358,9571,9784,9997,10210,10423,10636,10849,11062,11275,11488,11701,11914,12127,12340,12553,12766,12979,13192,13405,13618,13831,14044,14257,14470,14683,14896,15109,15322,15535,15748,15961,16174,16387,16600,16813,17026,17239,17452,17665,17878,18091,18304,18517,18730,18943,19156,19369,19582,19795,20008,20221,20434,20647,20860,21073,21286,21499,21712,21925,22138,22351,22564,-22592,-22379,-22166,-21953,-21740,-21527,-21314,-21101,-20888,-20675,-20462,-20249,-20036,-19823,-19610,-19397,-19184,-18971,-18758,-18545,-18332,-18119,-17906,-17693,-17480,-17267,-17054,-16841,-16628,-16415,-16202,-15989,-15776,-15563,-15350,-15137,-14924,-14711,-14498,-14285,-14072,-13859,-13646,-13433,-13220,-13007,-12794,-12581,-12368,-12155,-11942,-11729,-11516,-11303,-11090,-10877,-10664,-10451,-10238,-10025,-9812,-9599,-9386,-9173,-8960,-8747,-8534,-8321,-8108,-7895,-7682,-7469,-7256,-7043,-6830,-6617,-6404,-6191,-5978,-5765,-5552,-5339,-5126,-4913,-4700,-4487,-4274,-4061,-3848,-3635,-3422,-3209,-2996,-2783,-2570,-2357,-2144,-1931,-1718,-1505,-1292,-1079,-866,-653,-440,-227,-14,MAX=-22592
200,413,626,839,1052,1265,1478,1691,1904,2117,2330,2543,2756,2769,2969,3182,3395,3608,3821,4034,4247,4460,4673,4886,5099,5312,5525,5738,5951,6164,6377,6590,6803,7016,7229,7442,7655,7868,8081,8294,8507,8720,8933,9146,9359,9572,9785,9998,10211,10424,10637,10850,11063,11276,11489,11702,11915,12128,12341,12554,12767,12980,13193,13406,13619,13832,14045,14258,14471,14684,14897,15110,15323,15536,15749,15962,16175,16388,16601,16814,17027,17240,17453,17666,17879,18092,18305,18518,18731,18944,19157,19370,19583,19796,20009,20222,20435,20648,20861,21074,21287,21500,21713,21926,22139,22352,22565,-22591,-22378,-22165,-21952,-21739,-21526,-21313,-21100,-20887,-20674,-20461,-20248,-20035,-19822,-19609,-19396,-19183,-18970,-18757,-18544,-18331,-18118,-17905,-17692,-17479,-17266,-17053,-16840,-16627,-16414,-16201,-15988,-15775,-15562,-15349,-15136,-14923,-14710,-14497,-14284,-14071,-13858,-13645,-13432,-13219,-13006,-12793,-12580,-12367,-12154,-11941,-11728,-11515,-11302,-11089,-10876,-10663,-10450,-10237,-10024,-9811,-9598,-9385,-9172,-8959,-8746,-8533,-8320,-8107,-7894,-7681,-7468,-7255,-7042,-6829,-6616,-6403,-6190,-5977,-5764,-5551,-5338,-5125,-4912,-4699,-4486,-4273,-4060,-3847,-3634,-3421,-3208,-2995,-2782,-2569,-2356,-2143,-1930,-1717,-1504,-1291,-1078,-865,-652,-439,-226,-13,MAX=-22591
201,414,627,840,1053,1266,1479,1692,1905,2118,2331,2544,2556,2757,2970,3183,3396,3609,3822,4035,4248,4461,4674,4887,5100,5313,5526,5739,5952,6165,6378,6591,6804,7017,7230,7443,7656,7869,8082,8295,8508,8721,8934,9147,9360,9573,9786,9999,10212,10425,10638,10851,11064,11277,11490,11703,11916,12129,12342,12555,12768,12981,13194,13407,13620,13833,14046,14259,14472,14685,14898,15111,15324,15537,15750,15963,16176,16389,16602,16815,17028,17241,17454,17667,17880,18093,18306,18519,18732,18945,19158,19371,19584,19797,20010,20223,20436,20649,20862,21075,21288,21501,21714,21927,22140,22353,22566,-22590,-22377,-22164,-21951,-21738,-21525,-21312,-21099,-20886,-20673,-20460,-20247,-20034,-19821,-19608,-19395,-19182,-18969,-18756,-18543,-18330,-18117,-17904,-17691,-17478,-17265,-17052,-16839,-16626,-16413,-16200,-15987,-15774,-15561,-15348,-15135,-14922,-14709,-14496,-14283,-14070,-13857,-13644,-13431,-13218,-13005,-12792,-12579,-12366,-12153,-11940,-11727,-11514,-11301,-11088,-10875,-10662,-10449,-10236,-10023,-9810,-9597,-9384,-9171,-8958,-8745,-8532,-8319,-8106,-7893,-7680,-7467,-7254,-7041,-6828,-6615,-6402,-6189,-5976,-5763,-5550,-5337,-5124,-4911,-4698,-4485,-4272,-4059,-3846,-3633,-3420,-3207,-2994,-2781,-2568,-2355,-2142,-1929,-1716,-1503,-1290,-1077,-864,-651,-438,-225,-12,MAX=-22590
202,415,628,841,1054,1267,1480,1693,1906,2119,2332,2343,2545,2758,2971,3184,3397,3610,3823,4036,4249,4462,4675,4888,5101,5314,5527,5740,5953,6166,6379,6592,6805,7018,7231,7444,7657,7870,8083,8296,8509,8722,8935,9148,9361,9574,9787,10000,10213,10426,10639,10852,11065,11278,11491,11704,11917,12130,12343,12556,12769,12982,13195,13408,13621,13834,14047,14260,14473,14686,14899,15112,15325,15538,15751,15964,16177,16390,16603,16816,17029,17242,17455,17668,17881,18094,18307,18520,18733,18946,19159,19372,19585,19798,20011,20224,20437,20650,20863,21076,21289,21502,21715,21928,22141,22354,22567,-22589,-22376,-22163,-21950,-21737,-21524,-21311,-21098,-20885,-20672,-20459,-20246,-20033,-19820,-19607,-19394,-19181,-18968,-18755,-18542,-18329,-18116,-17903,-17690,-17477,-17264,-17051,-16838,-16625,-16412,-16199,-15986,-15773,-15560,-15347,-15134,-14921,-14708,-14495,-14282,-14069,-13856,-13643,-13430,-13217,-13004,-12791,-12578,-12365,-12152,-11939,-11726,-11513,-11300,-11087,-10874,-10661,-10448,-10235,-10022,-9809,-9596,-9383,-9170,-8957,-8744,-8531,-8318,-8105,-7892,-7679,-7466,-7253,-7040,-6827,-6614,-6401,-6188,-5975,-5762,-5549,-5336,-5123,-4910,-4697,-4484,-4271,-4058,-3845,-3632,-3419,-3206,-2993,-2780,-2567,-2354,-2141,-1928,-1715,-1502,-1289,-1076,-863,-650,-437,-224,-11,MAX=-22589
203,416,629,842,1055,1268,1481,1694,1907,2120,2130,2333,2546,2759,2972,3185,3398,3611,3824,4037,4250,4463,4676,4889,5102,5315,5528,5741,5954,6167,6380,6593,6806,7019,7232,7445,7658,7871,8084,8297,8510,8723,8936,9149,9362,9575,9788,10001,10214,10427,10640,10853,11066,11279,11492,11705,11918,12131,12344,12557,12770,12983,13196,13409,13622,13835,14048,14261,14474,14687,14900,15113,15326,15539,15752,15965,16178,16391,16604,16817,17030,17243,17456,17669,17882,18095,18308,18521,18734,18947,19160,19373,19586,19799,20012,20225,20438,20651,20864,21077,21290,21503,21716,21929,22142,22355,22568,-22588,-22375,-22162,-21949,-21736,-21523,-21310,-21097,-20884,-20671,-20458,-20245,-20032,-19819,-19606,-19393,-19180,-18967,-18754,-18541,-18328,-18115,-17902,-17689,-17476,-17263,-17050,-16837,-16624,-16411,-16198,-15985,-15772,-15559,-15346,-15133,-14920,-14707,-14494,-14281,-14068,-13855,-13642,-13429,-13216,-13003,-12790,-12577,-12364,-12151,-11938,-11725,-11512,-11299,-11086,-10873,-10660,-10447,-10234,-10021,-9808,-9595,-9382,-9169,-8956,-8743,-8530,-8317,-8104,-7891,-7678,-7465,-7252,-7039,-6826,-6613,-6400,-6187,-5974,-5761,-5548,-5335,-5122,-4909,-4696,-4483,-4270,-4057,-3844,-3631,-3418,-3205,-2992,-2779,-2566,-2353,-2140,-1927,-1714,-1501,-1288,-1075,-862,-649,-436,-223,-10,MAX=-22588
204,417,630,843,1056,1269,1482,1695,1908,1917,2121,2334,2547,2760,2973,3186,3399,3612,3825,4038,4251,4464,4677,4890,5103,5316,5529,5742,5955,6168,6381,6594,6807,7020,7233,7446,7659,7872,8085,8298,8511,8724,8937,9150,9363,9576,9789,10002,10215,10428,10641,10854,11067,11280,11493,11706,11919,12132,12345,12558,12771,12984,13197,13410,13623,13836,14049,14262,14475,14688,14901,15114,15327,15540,15753,15966,16179,16392,16605,16818,17031,17244,17457,17670,17883,18096,18309,18522,18735,18948,19161,19374,19587,19800,20013,20226,20439,20652,20865,21078,21291,21504,21717,21930,22143,22356,22569,-22587,-22374,-22161,-21948,-21735,-21522,-21309,-21096,-20883,-20670,-20457,-20244,-20031,-19818,-19605,-19392,-19179,-18966,-18753,-18540,-18327,-18114,-17901,-17688,-17475,-17262,-17049,-16836,-16623,-16410,-16197,-15984,-15771,-15558,-15345,-15132,-14919,-14706,-14493,-14280,-14067,-13854,-13641,-13428,-13215,-13002,-12789,-12576,-12363,-12150,-11937,-11724,-11511,-11298,-11085,-10872,-10659,-10446,-10233,-10020,-9807,-9594,-9381,-9168,-8955,-8742,-8529,-8316,-8103,-7890,-7677,-7464,-7251,-7038,-6825,-6612,-6399,-6186,-5973,-5760,-5547,-5334,-5121,-4908,-4695,-4482,-4269,-4056,-3843,-3630,-3417,-3204,-2991,-2778,-2565,-2352,-2139,-1926,-1713,-1500,-1287,-1074,-861,-648,-435,-222,-9,MAX=-22587
205,418,631,844,1057,1270,1483,1696,1704,1909,2122,2335,2548,2761,2974,3187,3400,3613,3826,4039,4252,4465,4678,4891,5104,5317,5530,5743,5956,6169,6382,6595,6808,7021,7234,7447,7660,7873,8086,8299,8512,8725,8938,9151,9364,9577,9790,10003,10216,10429,10642,10855,11068,11281,11494,11707,11920,12133,12346,12559,12772,12985,13198,13411,13624,13837,14050,14263,14476,14689,14902,15115,15328,15541,15754,15967,16180,16393,16606,16819,17032,17245,17458,17671,17884,18097,18310,18523,18736,18949,19162,19375,19588,19801,20014,20227,20440,20653,20866,21079,21292,21505,21718,21931,22144,22357,22570,-22586,-22373,-22160,-21947,-21734,-21521,-21308,-21095,-20882,-20669,-20456,-20243,-20030,-19817,-19604,-19391,-19178,-18965,-18752,-18539,-18326,-18113,-17900,-17687,-17474,-17261,-17048,-16835,-16622,-16409,-16196,-15983,-15770,-15557,-15344,-15131,-14918,-14705,-14492,-14279,-14066,-13853,-13640,-13427,-13214,-13001,-12788,-12575,-12362,-12149,-11936,-11723,-11510,-11297,-11084,-10871,-10658,-10445,-10232,-10019,-9806,-9593,-9380,-9167,-8954,-8741,-8528,-8315,-8102,-7889,-7676,-7463,-7250,-7037,-6824,-6611,-6398,-6185,-5972,-5759,-5546,-5333,-5120,-4907,-4694,-4481,-4268,-4055,-3842,-3629,-3416,-3203,-2990,-2777,-2564,-2351,-2138,-1925,-1712,-1499,-1286,-1073,-860,-647,-434,-221,-8,MAX=-22586
206,419,632,845,1058,1271,1484,1491,1697,1910,2123,2336,2549,2762,2975,3188,3401,3614,3827,4040,4253,4466,4679,4892,5105,5318,5531,5744,5957,6170,6383,6596,6809,7022,7235,7448,7661,7874,8087,8300,8513,8726,8939,9152,9365,9578,9791,10004,10217,10430,10643,10856,11069,11282,11495,11708,11921,12134,12347,12560,12773,12986,13199,13412,13625,13838,14051,14264,14477,14690,14903,15116,15329,15542,15755,15968,16181,16394,16607,16820,17033,17246,17459,17672,17885,18098,18311,18524,18737,18950,19163,19376,19589,19802,20015,20228,20441,20654,20867,21080,21293,21506,21719,21932,22145,22358,22571,-22585,-22372,-22159,-21946,-21733,-21520,-21307,-21094,-20881,-20668,-20455,-20242,-20029,-19816,-19603,-19390,-19177,-18964,-18751,-18538,-18325,-18112,-17899,-17686,-17473,-17260,-17047,-16834,-16621,-16408,-16195,-15982,-15769,-15556,-15343,-15130,-14917,-14704,-14491,-14278,-14065,-13852,-13639,-13426,-13213,-13000,-12787,-12574,-12361,-12148,-11935,-11722,-11509,-11296,-11083,-10870,-10657,-10444,-10231,-10018,-9805,-9592,-9379,-9166,-8953,-8740,-8527,-8314,-8101,-7888,-7675,-7462,-7249,-7036,-6823,-6610,-6397,-6184,-5971,-5758,-5545,-5332,-5119,-4906,-4693,-4480,-4267,-4054,-3841,-3628,-3415,-3202,-2989,-2776,-2563,-2350,-2137,-1924,-1711,-1498,-1285,-1072,-859,-646,-433,-220,-7,MAX=-22585
207,420,633,846,1059,1272,1278,1485,1698,1911,2124,2337,2550,2763,2976,3189,3402,3615,3828,4041,4254,4467,4680,4893,5106,5319,5532,5745,5958,6171,6384,6597,6810,7023,7236,7449,7662,7875,8088,8301,8514,8727,8940,9153,9366,9579,9792,10005,10218,10431,10644,10857,11070,11283,11496,11709,11922,12135,12348,12561,12774,12987,13200,13413,13626,13839,14052,14265,14478,14691,14904,15117,15330,15543,15756,15969,16182,16395,16608,16821,17034,17247,17460,17673,17886,18099,18312,18525,18738,18951,19164,19377,19590,19803,20016,20229,20442,20655,20868,21081,21294,21507,21720,21933,22146,22359,22572,-22584,-22371,-22158,-21945,-21732,-21519,-21306,-21093,-20880,-20667,-20454,-20241,-20028,-19815,-19602,-19389,-19176,-18963,-18750,-18537,-18324,-18111,-17898,-17685,-17472,-17259,-17046,-16833,-16620,-16407,-16194,-15981,-15768,-15555,-15342,-15129,-14916,-14703,-14490,-14277,-14064,-13851,-13638,-13425,-13212,-12999,-12786,-12573,-12360,-12147,-11934,-11721,-11508,-11295,-11082,-10869,-10656,-10443,-10230,-10017,-9804,-9591,-9378,-9165,-8952,-8739,-8526,-8313,-8100,-7887,-7674,-7461,-7248,-7035,-6822,-6609,-6396,-6183,-5970,-5757,-5544,-5331,-5118,-4905,-4692,-4479,-4266,-4053,-3840,-3627,-3414,-3201,-2988,-2775,-2562,-2349,-2136,-1923,-1710,-1497,-1284,-1071,-858,-645,-432,-219,-6,MAX=-22584
208,421,634,847,1060,1065,1273,1486,1699,1912,2125,2338,2551,2764,2977,3190,3403,3616,3829,4042,4255,4468,4681,4894,5107,5320,5533,5746,5959,6172,6385,6598,6811,7024,7237,7450,7663,7876,8089,8302,8515,8728,8941,9154,9367,9580,9793,10006,10219,10432,10645,10858,11071,11284,11497,11710,11923,12136,12349,12562,12775,12988,13201,13414,13627,13840,14053,14266,14479,14692,14905,15118,15331,15544,15757,15970,16183,16396,16609,16822,17035,17248,17461,17674,17887,18100,18313,18526,18739,18952,19165,19378,19591,19804,20017,20230,20443,20656,20869,21082,21295,21508,21721,21934,22147,22360,22573,-22583,-22370,-22157,-21944,-21731,-21518,-21305,-21092,-20879,-20666,-20453,-20240,-20027,-19814,-19601,-19388,-19175,-18962,-18749,-18536,-18323,-18110,-17897,-17684,-17471,-17258,-17045,-16832,-16619,-16406,-16193,-15980,-15767,-15554,-15341,-15128,-14915,-14702,-14489,-14276,-14063,-13850,-13637,-13424,-13211,-12998,-12785,-12572,-12359,-12146,-11933,-11720,-11507,-11294,-11081,-10868,-10655,-10442,-10229,-10016,-9803,-9590,-9377,-9164,-8951,-8738,-8525,-8312,-8099,-7886,-7673,-7460,-7247,-7034,-6821,-6608,-6395,-6182,-5969,-5756,-5543,-5330,-5117,-4904,-4691,-4478,-4265,-4052,-3839,-3626,-3413,-3200,-2987,-2774,-2561,-2348,-2135,-1922,-1709,-1496,-1283,-1070,-857,-644,-431,-218,-5,MAX=-22583
209,422,635,848,852,1061,1274,1487,1700,1913,2126,2339,2552,2765,2978,3191,3404,3617,3830,4043,4256,4469,4682,4895,5108,5321,5534,5747,5960,6173,6386,6599,6812,7025,7238,7451,7664,7877,8090,8303,8516,8729,8942,9155,9368,9581,9794,10007,10220,10433,10646,10859,11072,11285,11498,11711,11924,12137,12350,12563,12776,12989,13202,13415,13628,13841,14054,14267,14480,14693,14906,15119,15332,15545,15758,15971,16184,16397,16610,16823,17036,17249,17462,17675,17888,18101,18314,18527,18740,18953,19166,19379,19592,19805,20018,20231,20444,20657,20870,21083,21296,21509,21722,21935,22148,22361,22574,-22582,-22369,-22156,-21943,-21730,-21517,-21304,-21091,-20878,-20665,-20452,-20239,-20026,-19813,-19600,-19387,-19174,-18961,-18748,-18535,-18322,-18109,-17896,-17683,-17470,-17257,-17044,-16831,-16618,-16405,-16192,-15979,-15766,-15553,-15340,-15127,-14914,-14701,-14488,-14275,-14062,-13849,-13636,-13423,-13210,-12997,-12784,-12571,-12358,-12145,-11932,-11719,-11506,-11293,-11080,-10867,-10654,-10441,-10228,-10015,-9802,-9589,-9376,-9163,-8950,-8737,-8524,-8311,-8098,-7885,-7672,-7459,-7246,-7033,-6820,-6607,-6394,-6181,-5968,-5755,-5542,-5329,-5116,-4903,-4690,-4477,-4264,-4051,-3838,-3625,-3412,-3199,-2986,-2773,-2560,-2347,-2134,-1921,-1708,-1495,-1282,-1069,-856,-643,-430,-217,-4,MAX=-22582
210,423,636,639,849,1062,1275,1488,1701,1914,2127,2340,2553,2766,2979,3192,3405,3618,3831,4044,4257,4470,4683,4896,5109,5322,5535,5748,5961,6174,6387,6600,6813,7026,7239,7452,7665,7878,8091,8304,8517,8730,8943,9156,9369,9582,9795,10008,10221,10434,10647,10860,11073,11286,11499,11712,11925,12138,12351,12564,12777,12990,13203,13416,13629,13842,14055,14268,14481,14694,14907,15120,15333,15546,15759,15972,16185,16398,16611,16824,17037,17250,17463,17676,17889,18102,18315,18528,18741,18954,19167,19380,19593,19806,20019,20232,20445,20658,20871,21084,21297,21510,21723,21936,22149,22362,22575,-22581,-22368,-22155,-21942,-21729,-21516,-21303,-21090,-20877,-20664,-20451,-20238,-20025,-19812,-19599,-19386,-19173,-18960,-18747,-18534,-18321,-18108,-17895,-17682,-17469,-17256,-17043,-16830,-16617,-16404,-16191,-15978,-15765,-15552,-15339,-15126,-14913,-14700,-14487,-14274,-14061,-13848,-13635,-13422,-13209,-12996,-12783,-12570,-12357,-12144,-11931,-11718,-11505,-11292,-11079,-10866,-10653,-10440,-10227,-10014,-9801,-9588,-9375,-9162,-8949,-8736,-8523,-8310,-8097,-7884,-7671,-7458,-7245,-7032,-6819,-6606,-6393,-6180,-5967,-5754,-5541,-5328,-5115,-4902,-4689,-4476,-4263,-4050,-3837,-3624,-3411,-3198,-2985,-2772,-2559,-2346,-2133,-1920,-1707,-1494,-1281,-1068,-855,-642,-429,-216,-3,MAX=-22581
211,424,426,637,850,1063,1276,1489,1702,1915,2128,2341,2554,2767,2980,3193,3406,3619,3832,4045,4258,4471,4684,4897,5110,5323,5536,5749,5962,6175,6388,6601,6814,7027,7240,7453,7666,7879,8092,8305,8518,8731,8944,9157,9370,9583,9796,10009,10222,10435,10648,10861,11074,11287,11500,11713,11926,12139,12352,12565,12778,12991,13204,13417,13630,13843,14056,14269,14482,14695,14908,15121,15334,15547,15760,15973,16186,16399,16612,16825,17038,17251,17464,17677,17890,18103,18316,18529,18742,18955,19168,19381,19594,19807,20020,20233,20446,20659,20872,21085,21298,21511,21724,21937,22150,22363,22576,-22580,-22367,-22154,-21941,-21728,-21515,-21302,-21089,-20876,-20663,-20450,-20237,-20024,-19811,-19598,-19385,-19172,-18959,-18746,-18533,-18320,-18107,-17894,-17681,-17468,-17255,-17042,-16829,-16616,-16403,-16190,-15977,-15764,-15551,-15338,-15125,-14912,-14699,-14486,-14273,-14060,-13847,-13634,-13421,-13208,-12995,-12782,-12569,-12356,-12143,-11930,-11717,-11504,-11291,-11078,-10865,-10652,-10439,-10226,-10013,-9800,-9587,-9374,-9161,-8948,-8735,-8522,-8309,-8096,-7883,-7670,-7457,-7244,-7031,-6818,-6605,-6392,-6179,-5966,-5753,-5540,-5327,-5114,-4901,-4688,-4475,-4262,-4049,-3836,-3623,-3410,-3197,-2984,-2771,-2558,-2345,-2132,-1919,-1706,-1493,-1280,-1067,-854,-641,-428,-215,-2,MAX=-22580
212,213,425,638,851,1064,1277,1490,1703,1916,2129,2342,2555,2768,2981,3194,3407,3620,3833,4046,4259,4472,4685,4898,5111,5324,5537,5750,5963,6176,6389,6602,6815,7028,7241,7454,7667,7880,8093,8306,8519,8732,8945,9158,9371,9584,9797,10010,10223,10436,10649,10862,11075,11288,11501,11714,11927,12140,12353,12566,12779,12992,13205,13418,13631,13844,14057,14270,14483,14696,14909,15122,15335,15548,15761,15974,16187,16400,16613,16826,17039,17252,17465,17678,17891,18104,18317,18530,18743,18956,19169,19382,19595,19808,20021,20234,20447,20660,20873,21086,21299,21512,21725,21938,22151,22364,22577,-22579,-22366,-22153,-21940,-21727,-21514,-21301,-21088,-20875,-20662,-20449,-20236,-20023,-19810,-19597,-19384,-19171,-18958,-18745,-18532,-18319,-18106,-17893,-17680,-17467,-17254,-17041,-16828,-16615,-16402,-16189,-15976,-15763,-15550,-15337,-15124,-14911,-14698,-14485,-14272,-14059,-13846,-13633,-13420,-13207,-12994,-12781,-12568,-12355,-12142,-11929,-11716,-11503,-11290,-11077,-10864,-10651,-10438,-10225,-10012,-9799,-9586,-9373,-9160,-8947,-8734,-8521,-8308,-8095,-7882,-7669,-7456,-7243,-7030,-6817,-6604,-6391,-6178,-5965,-5752,-5539,-5326,-5113,-4900,-4687,-4474,-4261,-4048,-3835,-3622,-3409,-3196,-2983,-2770,-2557,-2344,-2131,-1918,-1705,-1492,-1279,-1066,-853,-640,-427,-214,-1,MAX=-22579
